ID,First Name, Last Name,DOB,Role,Money Available,Flights Purchased,MinerAir Membership,Username,Password
1,Mickey,Mouse,10/18/1975,Customer,83.50,2,true,mickeymouse,Fun!23
2,Donald,Duck,2/17/1935,Customer,61.76,4,true,donaldduck,Fun!23
3,Minnie,Mouse,6/24/1925,Customer,11.33,5,false,minniemouse,Fun!23
4,Goofy,Disney,5/19/1977,Customer,21.92,5,true,goofydisney,Fun!23
5,Pluto,Disney,11/1/1965,Customer,14.09,3,false,plutodisney,Fun!23
6,Chip,Disney,9/24/1943,Customer,77.04,3,false,chipdisney,Fun!23
7,Dale,Disney,2/18/1982,Customer,112.93,8,true,daledisney,Fun!23
8,Cinderella,Disney,3/29/1906,Customer,33.41,6,true,cinderelladisney,Fun!23
9,Ariel,Disney,10/26/1965,Customer,43.46,4,false,arieldisney,Fun!23
10,Jasmine,Disney,8/19/1945,Customer,226.32,6,true,jasminedisney,Fun!23
11,Aladdin,Disney,3/21/1975,Customer,10.47,3,false,aladdindisney,Fun!23
12,Simba,Disney,7/24/1966,Customer,41.54,5,false,simbadisney,Fun!23
13,Mufassa,Disney,1/11/1904,Customer,86.94,9,false,mufassadisney,Fun!23
14,Aurora,Disney,9/4/1902,Customer,113.10,5,true,auroradisney,Fun!23
15,Peter,Pan,1/15/1908,Customer,127.79,5,true,peterpan,Fun!23
16,Woody,Disney,2/22/1934,Customer,26.73,3,false,woodydisney,Fun!23
17,Buzz,Lightyear,6/7/1939,Customer,0.82,5,false,buzzlightyear,Fun!23
18,Jafar,Aladdin,10/20/1927,Customer,11.12,5,true,jafaraladdin,Fun!23
19,Ursela,Mermaid,8/28/1928,Customer,103.01,8,true,urselamermaid,Fun!23
20,Beast,Disney,6/13/1947,Customer,30.74,7,true,beastdisney,Fun!23
21,Belle,Disney,6/6/1917,Customer,5.33,5,true,belledisney,Fun!23
22,Cruella,De Vil,6/29/1909,Customer,198.32,4,false,cruellade vil,Fun!23
23,Scar,Lion,10/14/1918,Customer,21.60,6,false,scarlion,Fun!23
24,Simba,King,5/30/1938,Customer,66.12,6,false,simbaking,Fun!23
25,Gaston,Disney,2/28/1928,Customer,95.89,6,false,gastondisney,Fun!23
26,Shere,Khan,9/20/1933,Customer,108.15,4,false,sherekhan,Fun!23
27,Captaiin,Hook,1/10/1976,Customer,126.72,2,false,captaiinhook,Fun!23
28,Kaa,Disney,6/11/1966,Customer,30.63,9,false,kaadisney,Fun!23
29,Evil,Queen,12/19/1933,Customer,51.14,8,true,evilqueen,Fun!23
30,Pinocchio,Disney,7/10/1906,Customer,96.79,4,false,pinocchiodisney,Fun!23
31,Prince,Eric,9/28/1958,Customer,45.56,4,false,princeeric,Fun!23
32,Quasimodo,Disney,1/1/1992,Customer,33.87,4,true,quasimododisney,Fun!23
33,Hercules,Disney,1/8/1952,Customer,16.19,7,false,herculesdisney,Fun!23
34,Mulan,Disney,9/16/1926,Customer,140.51,6,true,mulandisney,Fun!23
35,Lilo,Disney,8/28/1942,Customer,33.82,7,true,lilodisney,Fun!23
36,Stitch,Disney,10/4/1900,Customer,27.56,5,true,stitchdisney,Fun!23
37,Daniel,Mejia,4/5/1963,Employee,2.14,10,false,danielmejia,Fun!23
38,Ashley,Gilmore,11/25/1959,Employee,11.14,12,true,ashleygilmore,Fun!23
39,Diana,Valles,8/15/1980,Employee,7.30,5,false,dianavalles,Fun!23
40,Isabella,Gaytan,11/5/1994,Employee,1.06,8,false,isabellagaytan,Fun!23
41,Diana,Garcia,8/7/1934,Employee,37.38,8,false,dianagarcia,Fun!23
42,Alexis,Acosta,6/16/1930,Employee,49.20,6,false,alexisacosta,Fun!23
43,Akinyemi,Akinjayeju,6/9/1914,Employee,52.45,4,false,akinyemiakinjayeju,Fun!23
44,Bryan,Arriaga,7/17/1957,Employee,4.29,5,true,bryanarriaga,Fun!23
45,Jessica,Barragan,7/19/1976,Employee,37.38,10,true,jessicabarragan,Fun!23
46,Ruben,CarmonaMedrano,12/7/1951,Employee,53.13,8,false,rubencarmonamedrano,Fun!23
47,Brandon,CartwrightLi,5/16/1998,Employee,54.61,7,false,brandoncartwrightli,Fun!23
48,Jasmin,Cuevas,12/4/1901,Employee,29.98,8,false,jasmincuevas,Fun!23
49,Luis,Del Campo,2/23/1974,Employee,32.76,8,false,luisdel campo,Fun!23
50,Garab,Dorji,12/29/1906,Employee,8.45,4,false,garabdorji,Fun!23
51,Marc,Driver,12/24/1905,Employee,3.62,15,true,marcdriver,Fun!23
52,Jose,Espinoza Gonzalez,3/20/1939,Employee,7.78,11,false,joseespinoza gonzalez,Fun!23
53,Alondra,GonzalezAyala,5/1/1936,Employee,14.21,7,true,alondragonzalezayala,Fun!23
54,Omar,Hoang,4/2/1974,Employee,45.40,11,false,omarhoang,Fun!23
55,Ian,Islas,12/5/1986,Employee,9.16,4,false,ianislas,Fun!23
56,Victor,Lopez,9/16/1914,Employee,19.47,8,false,victorlopez,Fun!23
57,Denisse,LoyaVillalobos,11/5/1998,Employee,7.37,11,false,denisseloyavillalobos,Fun!23
58,Miguel,Lucero,5/16/1974,Employee,17.79,4,true,miguellucero,Fun!23
59,Daniel,Lucio,9/11/1993,Employee,8.33,9,true,daniellucio,Fun!23
60,Ashley,Magallanes,9/15/1927,Employee,3.11,7,false,ashleymagallanes,Fun!23
61,Leila,Martinez,1/18/1975,Employee,20.84,9,true,leilamartinez,Fun!23
62,Enrique,Munoz,9/13/2000,Employee,30.46,14,false,enriquemunoz,Fun!23
63,Alejandro,Olivas,12/1/1976,Employee,27.27,14,true,alejandroolivas,Fun!23
64,Santiago,Olivas,2/23/1947,Employee,8.80,7,true,santiagoolivas,Fun!23
65,Bella,Quintero,5/3/1992,Employee,20.36,12,true,bellaquintero,Fun!23
66,Samuel,RamosSanchez,11/9/1946,Employee,11.21,6,false,samuelramossanchez,Fun!23
67,Enrique,Rico,3/28/1907,Employee,8.85,12,true,enriquerico,Fun!23
68,Emilia,Rivas,1/31/1956,Employee,16.32,9,true,emiliarivas,Fun!23
69,Mayra,Robles,5/9/1932,Employee,15.34,14,true,mayrarobles,Fun!23
70,Brian,RodilesDelgado,6/17/1940,Employee,36.66,11,false,brianrodilesdelgado,Fun!23
71,Seth,Rodriguez,9/16/1925,Employee,39.11,2,true,sethrodriguez,Fun!23
72,Jorge,RodriguezOrtega,11/18/1902,Employee,23.14,6,true,jorgerodriguezortega,Fun!23
73,Jose Luis,Rojas,9/23/1913,Employee,6.72,8,false,jose luisrojas,Fun!23
74,Eduardo,Romero,1/21/1987,Employee,9.31,8,true,eduardoromero,Fun!23
75,Gustavo,Rubio,9/13/1949,Employee,56.50,14,false,gustavorubio,Fun!23
76,Sariyah,Russell,8/30/1910,Employee,50.86,9,true,sariyahrussell,Fun!23
77,Ian,Rybak,6/16/1915,Employee,27.40,5,false,ianrybak,Fun!23
78,Luis,Sanchez,5/13/1924,Employee,10.78,10,true,luissanchez,Fun!23
79,Michael,Santoyo,1/22/1964,Employee,26.30,8,true,michaelsantoyo,Fun!23
80,Gabriela,SigalaAcosta,11/30/1900,Employee,49.40,10,false,gabrielasigalaacosta,Fun!23
81,Andres,Soto,1/27/1905,Employee,24.65,9,false,andressoto,Fun!23
82,Gabriel,Terrazas,5/9/1914,Employee,25.39,12,true,gabrielterrazas,Fun!23
83,Sonam,Tshering,7/1/1974,Employee,18.03,8,false,sonamtshering,Fun!23
84,Christina,Valtierra,2/28/1935,Employee,40.41,8,true,christinavaltierra,Fun!23
85,Francisco,Vazquez,11/9/1984,Employee,42.11,12,true,franciscovazquez,Fun!23
86,Andrea,Villagomez,11/13/1988,Employee,49.32,16,true,andreavillagomez,Fun!23
87,Alberto,Villegas,3/11/1948,Employee,15.94,14,false,albertovillegas,Fun!23
88,Geoff,Waller,7/28/1901,Employee,13.35,11,false,geoffwaller,Fun!23
89,Jeffrey,Walls,8/17/1973,Employee,1.12,10,true,jeffreywalls,Fun!23
90,Alex,Watson,3/5/1927,Employee,25.42,5,true,alexwatson,Fun!23
91,Tom,Perez,8/6/1923,Employee,17.61,6,true,tomperez,Fun!23
92,Brad,Patel,11/25/1971,Employee,52.83,5,true,bradpatel,Fun!23
93,Robert,Lyons,4/19/1960,Employee,33.99,11,false,robertlyons,Fun!23
94,Dana,Williams,2/15/1949,Employee,22.31,11,false,danawilliams,Fun!23
95,Brittany,Andrews,7/11/1968,Employee,6.61,11,true,brittanyandrews,Fun!23
96,Sean,Klein,11/3/1904,Employee,3.56,7,true,seanklein,Fun!23
97,Stephanie,Mcdonald,10/5/1954,Employee,25.59,6,false,stephaniemcdonald,Fun!23
98,Daniel,Olson,5/13/1948,Employee,62.95,11,false,danielolson,Fun!23
99,Christopher,Contreras,10/15/1928,Employee,1.17,7,false,christophercontreras,Fun!23
100,David,Brown,10/27/1928,Employee,33.03,6,true,davidbrown,Fun!23
101,Patrick,Henderson,3/29/1908,Employee,32.40,5,true,patrickhenderson,Fun!23
102,Erica,Harrison,12/2/1926,Employee,26.29,12,false,ericaharrison,Fun!23
103,Katherine,Evans,10/22/1961,Employee,5.57,9,true,katherineevans,Fun!23
104,Robert,Preston,2/24/1956,Employee,13.11,11,true,robertpreston,Fun!23
105,Melissa,Mccormick,9/13/1951,Employee,22.34,9,true,melissamccormick,Fun!23
106,Austin,Griffin,10/29/1918,Employee,0.57,9,false,austingriffin,Fun!23
107,Michael,Sanchez,8/1/1961,Employee,3.15,12,false,michaelsanchez,Fun!23
108,Theresa,Obrien,3/15/1955,Employee,33.13,10,true,theresaobrien,Fun!23
109,Chelsea,Gallagher,7/16/1902,Employee,47.28,12,true,chelseagallagher,Fun!23
110,Crystal,Hudson,12/6/1977,Employee,11.05,16,true,crystalhudson,Fun!23
111,Travis,Mcdonald,8/10/1979,Employee,13.84,5,false,travismcdonald,Fun!23
112,Logan,Palmer,6/6/1952,Employee,32.04,7,true,loganpalmer,Fun!23
113,Renee,Bradley,4/16/1965,Employee,6.95,14,false,reneebradley,Fun!23
114,Michele,Stevens,1/15/1941,Employee,6.99,5,true,michelestevens,Fun!23
115,Kirsten,Robinson,8/30/1978,Employee,21.24,7,true,kirstenrobinson,Fun!23
116,Douglas,Rodriguez,9/16/1929,Employee,29.75,5,true,douglasrodriguez,Fun!23
117,Christopher,Norris,3/10/1972,Employee,32.27,11,false,christophernorris,Fun!23
118,Crystal,Walker,10/31/1941,Employee,1.01,3,true,crystalwalker,Fun!23
119,Sean,Roberts,10/1/1906,Employee,4.24,12,false,seanroberts,Fun!23
120,Brittany,Hawkins,3/31/1982,Employee,46.94,7,true,brittanyhawkins,Fun!23
121,Beverly,Johnson,10/20/1943,Employee,3.43,13,true,beverlyjohnson,Fun!23
122,Stephen,Ellis,6/3/1996,Employee,24.64,8,false,stephenellis,Fun!23
123,James,King,11/12/1990,Employee,41.22,18,false,jamesking,Fun!23
124,Pamela,Carter,6/1/1960,Employee,16.91,13,false,pamelacarter,Fun!23
125,Brian,Andrews,5/27/1987,Employee,17.25,10,true,brianandrews,Fun!23
126,Megan,Noble,10/8/1937,Employee,5.15,10,true,megannoble,Fun!23
127,Monica,Davenport,10/24/1990,Employee,38.32,7,true,monicadavenport,Fun!23
128,Michelle,Holland,5/5/1957,Employee,32.76,7,true,michelleholland,Fun!23
129,Kyle,Hodges,4/28/1980,Employee,6.56,10,true,kylehodges,Fun!23
130,Paula,Wyatt,12/2/1993,Employee,18.66,20,false,paulawyatt,Fun!23
131,Shane,Miller,6/10/1921,Employee,42.48,4,true,shanemiller,Fun!23
132,Kimberly,Kline,11/4/1990,Employee,9.08,5,false,kimberlykline,Fun!23
133,Hannah,Arias,12/25/1915,Employee,28.82,9,true,hannaharias,Fun!23
134,Daniel,Hampton,8/12/1987,Employee,29.68,13,true,danielhampton,Fun!23
135,Jerry,Curtis,3/11/1903,Employee,5.72,8,false,jerrycurtis,Fun!23
136,Jeffrey,Weiss,10/2/1993,Employee,1.36,5,false,jeffreyweiss,Fun!23
137,Ronald,Parker,7/18/1919,Employee,51.24,11,true,ronaldparker,Fun!23
138,Christopher,Coleman,7/30/1942,Employee,46.39,6,false,christophercoleman,Fun!23
139,Thomas,Clark,7/18/1971,Employee,15.66,4,true,thomasclark,Fun!23
140,Ashley,Romero,7/22/1986,Employee,4.03,16,true,ashleyromero,Fun!23
141,Gail,Parker,8/4/1953,Employee,42.15,5,false,gailparker,Fun!23
142,Sean,Medina,2/2/1993,Employee,19.61,20,false,seanmedina,Fun!23
143,Edward,Hernandez,2/28/1949,Employee,39.82,10,false,edwardhernandez,Fun!23
144,Todd,Brooks,4/3/1965,Employee,16.53,6,false,toddbrooks,Fun!23
145,Richard,Torres,2/6/1926,Employee,14.83,16,true,richardtorres,Fun!23
146,David,Gardner,1/30/1965,Employee,28.06,5,false,davidgardner,Fun!23
147,Rachel,Vasquez,8/24/1911,Employee,46.92,14,false,rachelvasquez,Fun!23
148,Ashley,Evans,3/15/1956,Employee,52.65,11,false,ashleyevans,Fun!23
149,Nancy,Morgan,3/24/1973,Employee,6.14,12,true,nancymorgan,Fun!23
150,Richard,Vargas,6/26/1992,Employee,36.87,9,false,richardvargas,Fun!23
151,Derrick,Grant,2/28/1991,Employee,49.35,8,true,derrickgrant,Fun!23
152,Victoria,Martin,10/18/1955,Employee,20.57,8,true,victoriamartin,Fun!23
153,Marissa,Wagner,6/4/1909,Employee,33.36,13,true,marissawagner,Fun!23
154,Stephanie,Harris,3/7/1990,Employee,2.16,4,false,stephanieharris,Fun!23
155,Richard,Blackwell,11/6/1957,Employee,4.57,5,true,richardblackwell,Fun!23
156,Dylan,Harris,5/21/1955,Employee,1.83,14,false,dylanharris,Fun!23
157,Philip,Zamora,5/10/1957,Employee,40.15,5,true,philipzamora,Fun!23
158,Melanie,Kirk,7/2/1975,Employee,38.60,7,false,melaniekirk,Fun!23
159,Michael,Moran,1/6/1987,Employee,7.28,6,true,michaelmoran,Fun!23
160,Jason,Burke,5/14/1909,Employee,5.56,9,true,jasonburke,Fun!23
161,Susan,Hill,1/13/1919,Employee,3.64,9,true,susanhill,Fun!23
162,Lauren,Neal,1/21/1947,Employee,43.81,10,false,laurenneal,Fun!23
163,Jennifer,Williams,12/12/1936,Employee,2.82,7,false,jenniferwilliams,Fun!23
164,Haley,Moss,8/27/1944,Employee,40.88,9,true,haleymoss,Fun!23
165,Justin,Wilson,3/27/1981,Employee,46.09,7,false,justinwilson,Fun!23
166,Craig,Espinoza,7/5/1919,Employee,23.52,10,false,craigespinoza,Fun!23
167,Julie,Alexander,8/9/1954,Employee,7.67,14,false,juliealexander,Fun!23
168,Anthony,Sanchez,7/12/1982,Employee,43.28,12,false,anthonysanchez,Fun!23
169,Thomas,King,2/27/1928,Employee,4.62,3,false,thomasking,Fun!23
170,Christina,Walker,5/4/1941,Employee,1.16,15,true,christinawalker,Fun!23
171,Linda,Bennett,9/22/1999,Employee,7.46,4,true,lindabennett,Fun!23
172,Karla,Johnson,9/25/1916,Employee,0.86,13,false,karlajohnson,Fun!23
173,Jill,Henderson,12/8/1992,Employee,36.45,5,false,jillhenderson,Fun!23
174,Sandra,Rogers,4/18/1916,Employee,1.59,7,true,sandrarogers,Fun!23
175,Samuel,Harrington,1/30/1946,Employee,13.94,13,true,samuelharrington,Fun!23
176,Andrew,Garcia,12/5/1979,Employee,35.47,16,false,andrewgarcia,Fun!23
177,James,Pittman,10/17/1910,Employee,33.20,10,true,jamespittman,Fun!23
178,Shannon,Holden,3/15/1927,Employee,14.96,8,true,shannonholden,Fun!23
179,Renee,Zimmerman,10/2/1940,Employee,2.55,10,true,reneezimmerman,Fun!23
180,Richard,Brown,9/25/1942,Employee,52.56,6,true,richardbrown,Fun!23
181,Michael,Smith,4/26/1920,Employee,25.39,12,false,michaelsmith,Fun!23
182,Nathan,Coleman,9/22/1988,Employee,35.79,5,true,nathancoleman,Fun!23
183,Kimberly,Richardson,7/29/1926,Employee,45.41,11,true,kimberlyrichardson,Fun!23
184,Emily,Richardson,9/26/1913,Employee,53.57,8,true,emilyrichardson,Fun!23
185,Michael,White,2/19/1997,Employee,46.12,10,false,michaelwhite,Fun!23
186,Cody,Scott,7/24/1994,Employee,0.46,6,true,codyscott,Fun!23
187,Jeremy,Alvarez,1/15/1991,Employee,8.11,13,true,jeremyalvarez,Fun!23
188,Keith,Ortiz,11/5/1948,Employee,28.53,5,false,keithortiz,Fun!23
189,Mark,Ramos,12/27/1973,Employee,0.20,5,true,markramos,Fun!23
190,Eric,Vazquez,8/22/1975,Employee,3.47,6,true,ericvazquez,Fun!23
191,James,Hammond,6/4/1930,Employee,31.66,12,false,jameshammond,Fun!23
192,Michelle,Maldonado,4/13/1963,Employee,18.22,5,true,michellemaldonado,Fun!23
193,Jeremy,Morris,9/1/1974,Employee,20.92,16,false,jeremymorris,Fun!23
194,Olivia,Romero,3/15/1907,Employee,2.19,14,true,oliviaromero,Fun!23
195,Nicholas,Anderson,8/16/1959,Employee,17.31,14,true,nicholasanderson,Fun!23
196,Kim,Buckley,12/6/1975,Employee,3.17,11,false,kimbuckley,Fun!23
197,Nicole,Rowland,6/27/1923,Employee,22.49,12,true,nicolerowland,Fun!23
198,Samantha,Howell,2/27/1933,Employee,6.63,13,true,samanthahowell,Fun!23
199,Jerry,Lee,11/22/1981,Employee,0.33,10,true,jerrylee,Fun!23
200,James,Nolan,5/27/1996,Employee,9.78,6,true,jamesnolan,Fun!23
201,Sharon,Miller,3/4/1996,Employee,33.78,8,true,sharonmiller,Fun!23
202,Andrew,Parks,4/12/1973,Employee,20.42,9,true,andrewparks,Fun!23
203,Ethan,Holmes,3/25/1905,Employee,21.22,15,true,ethanholmes,Fun!23
204,Mark,Lozano,6/15/1949,Employee,3.91,4,true,marklozano,Fun!23
205,Molly,Cohen,1/5/1919,Employee,18.06,4,true,mollycohen,Fun!23
206,Zachary,Ellison,3/31/1922,Employee,3.79,5,true,zacharyellison,Fun!23
207,Donna,Allen,2/25/1985,Employee,0.16,5,true,donnaallen,Fun!23
208,Amanda,Miller,12/13/1907,Employee,38.90,9,true,amandamiller,Fun!23
209,Shirley,Foster,3/25/1952,Employee,49.93,9,false,shirleyfoster,Fun!23
210,Jeffrey,Delgado,7/3/1923,Employee,17.58,8,false,jeffreydelgado,Fun!23
211,Brian,Jensen,1/6/1912,Employee,9.32,5,true,brianjensen,Fun!23
212,Sheila,Lewis,5/27/1925,Employee,46.22,6,true,sheilalewis,Fun!23
213,Lee,Burke,1/22/1977,Employee,2.34,7,true,leeburke,Fun!23
214,Susan,Alvarez,5/30/1942,Employee,4.87,8,false,susanalvarez,Fun!23
215,Bridget,Wagner,5/14/1988,Employee,9.45,5,true,bridgetwagner,Fun!23
216,Virginia,Phelps,1/12/1911,Employee,27.36,13,false,virginiaphelps,Fun!23
217,Chase,Miller,6/17/1987,Employee,19.93,18,false,chasemiller,Fun!23
218,Timothy,Romero,10/8/1948,Employee,21.66,4,false,timothyromero,Fun!23
219,Cesar,Jones,2/12/1906,Employee,21.55,14,true,cesarjones,Fun!23
220,Kathryn,Perez,1/25/1968,Employee,2.85,5,true,kathrynperez,Fun!23
221,Lisa,Garrett,9/16/1923,Employee,9.37,9,true,lisagarrett,Fun!23
222,Mark,Lee,5/14/1946,Employee,41.58,8,true,marklee,Fun!23
223,Kelly,Yu,11/22/1968,Employee,14.51,7,false,kellyyu,Fun!23
224,Christian,Smith,10/31/1906,Employee,8.98,11,true,christiansmith,Fun!23
225,Robert,Park,10/25/1947,Employee,20.77,6,false,robertpark,Fun!23
226,Ariana,Lara,12/11/1995,Employee,3.29,15,false,arianalara,Fun!23
227,Roberto,Gutierrez,10/27/1979,Employee,26.31,5,false,robertogutierrez,Fun!23
228,Maria,Mccarthy,5/3/1977,Employee,2.74,9,true,mariamccarthy,Fun!23
229,Brittany,Ray,11/3/1937,Employee,11.78,15,true,brittanyray,Fun!23
230,Shannon,Avery,8/20/1957,Employee,10.80,10,false,shannonavery,Fun!23
231,Joanna,Trevino,12/3/1903,Employee,30.56,11,true,joannatrevino,Fun!23
232,Paul,Fisher,12/28/1949,Employee,43.82,13,true,paulfisher,Fun!23
233,Alexander,Kelly,12/21/1903,Employee,19.53,10,true,alexanderkelly,Fun!23
234,Destiny,Ferguson,3/28/1902,Employee,1.84,5,true,destinyferguson,Fun!23
235,Samantha,May,12/28/1936,Employee,0.14,5,true,samanthamay,Fun!23
236,Joseph,Lewis,6/27/1940,Employee,17.38,7,false,josephlewis,Fun!23
237,Andrew,Campos,7/21/1958,Employee,9.89,13,false,andrewcampos,Fun!23
238,Jesse,Montgomery,4/17/1953,Employee,25.36,8,false,jessemontgomery,Fun!23
239,Anna,Gutierrez,8/23/1934,Employee,36.71,13,true,annagutierrez,Fun!23
240,Joel,Arellano,9/25/1981,Employee,25.29,10,false,joelarellano,Fun!23
241,Kaylee,Patterson,7/21/1935,Employee,10.35,12,true,kayleepatterson,Fun!23
242,James,Henderson,9/6/1981,Employee,18.45,6,false,jameshenderson,Fun!23
243,Ashley,Jones,5/23/1925,Employee,22.99,6,true,ashleyjones,Fun!23
244,Erik,Case,2/9/1938,Employee,25.69,8,true,erikcase,Fun!23
245,Dorothy,Cox,3/31/1977,Employee,9.38,9,false,dorothycox,Fun!23
246,Jeffrey,Marquez,10/8/1932,Employee,24.19,9,true,jeffreymarquez,Fun!23
247,David,Gross,1/21/1984,Employee,15.46,8,false,davidgross,Fun!23
248,Christopher,Wright,1/4/1994,Employee,31.16,7,true,christopherwright,Fun!23
249,Jessica,Moore,5/8/1908,Employee,22.16,6,true,jessicamoore,Fun!23
250,Alejandra,Morris,3/1/1941,Employee,20.78,11,true,alejandramorris,Fun!23
251,Darin,Porter,11/25/1905,Employee,12.90,8,false,darinporter,Fun!23
252,Alexis,Ford,3/21/1958,Employee,38.60,5,false,alexisford,Fun!23
253,Barbara,Robertson,12/13/1958,Employee,8.26,15,true,barbararobertson,Fun!23
254,David,Wright,7/7/1973,Employee,11.14,9,true,davidwright,Fun!23
255,Jessica,Martin,4/3/1928,Employee,19.85,10,false,jessicamartin,Fun!23
256,Brooke,Padilla,10/8/1933,Employee,56.09,9,false,brookepadilla,Fun!23
257,Susan,Humphrey,1/9/1905,Employee,48.66,8,true,susanhumphrey,Fun!23
258,Robert,Wu,5/15/1982,Employee,30.50,23,false,robertwu,Fun!23
259,Karen,Thomas,10/29/1940,Employee,22.73,6,false,karenthomas,Fun!23
260,Chris,Holden,3/27/1976,Employee,0.96,9,true,chrisholden,Fun!23
261,Matthew,Erickson,11/19/1905,Employee,14.81,5,true,matthewerickson,Fun!23
262,Leroy,Walters,4/28/1901,Employee,38.92,13,true,leroywalters,Fun!23
263,Brian,Castillo,4/25/1921,Employee,30.48,9,false,briancastillo,Fun!23
264,James,Romero,7/9/1946,Employee,8.42,6,true,jamesromero,Fun!23
265,Karen,Zhang,6/19/1930,Employee,22.73,8,true,karenzhang,Fun!23
266,David,Thomas,6/15/1984,Employee,3.21,7,true,davidthomas,Fun!23
267,William,Hunter,10/7/1987,Employee,22.02,21,true,williamhunter,Fun!23
268,Craig,Schaefer,5/27/1994,Employee,5.68,5,true,craigschaefer,Fun!23
269,Michelle,Jones,9/26/1941,Employee,14.14,5,false,michellejones,Fun!23
270,Angelica,Bruce,8/7/1937,Employee,31.19,20,true,angelicabruce,Fun!23
271,Susan,Allen,6/22/1972,Employee,30.75,12,true,susanallen,Fun!23
272,Tanya,Davis,10/26/1984,Employee,11.70,6,false,tanyadavis,Fun!23
273,Mark,Richards,9/11/1975,Employee,16.33,8,false,markrichards,Fun!23
274,Shannon,Bennett,11/27/1921,Employee,53.28,8,false,shannonbennett,Fun!23
275,Robert,Davis,10/2/1954,Employee,24.95,16,true,robertdavis,Fun!23
276,Allison,Chang,6/2/1904,Employee,14.07,11,false,allisonchang,Fun!23
277,Michael,Williams,3/2/1911,Employee,12.07,6,false,michaelwilliams,Fun!23
278,Susan,Garcia,10/17/1929,Employee,11.64,5,false,susangarcia,Fun!23
279,Mario,Walker,6/9/1904,Employee,0.70,17,false,mariowalker,Fun!23
280,Mary,Church,11/8/1996,Employee,15.83,5,false,marychurch,Fun!23
281,Gregory,Sullivan,4/4/1938,Employee,47.76,10,true,gregorysullivan,Fun!23
282,Lauren,Hall,5/15/1956,Employee,11.03,13,false,laurenhall,Fun!23
283,Dawn,King,5/28/1950,Employee,51.39,9,false,dawnking,Fun!23
284,Daniel,Romero,11/28/1916,Employee,39.36,11,false,danielromero,Fun!23
285,Jacqueline,Dunn,3/11/1958,Employee,2.70,6,false,jacquelinedunn,Fun!23
286,Chris,King,3/17/1986,Employee,15.15,4,false,chrisking,Fun!23
287,Tammy,Martinez,4/15/1971,Employee,3.14,8,false,tammymartinez,Fun!23
288,Dustin,Oliver,3/24/1938,Employee,22.09,12,true,dustinoliver,Fun!23
289,Nicole,Harvey,3/19/1937,Employee,28.22,4,false,nicoleharvey,Fun!23
290,Matthew,Perez,4/16/1907,Employee,5.76,6,false,matthewperez,Fun!23
291,Kristy,Hoover,7/8/1935,Employee,35.04,14,false,kristyhoover,Fun!23
292,Mary,Cruz,1/5/1979,Employee,9.59,6,false,marycruz,Fun!23
293,Alexandra,Robinson,6/9/1979,Employee,15.99,10,true,alexandrarobinson,Fun!23
294,Tami,Alexander,12/4/1967,Employee,28.74,10,false,tamialexander,Fun!23
295,Susan,Davis,2/15/1947,Employee,48.52,11,true,susandavis,Fun!23
296,Jeffrey,Luna,11/19/1984,Employee,5.75,8,true,jeffreyluna,Fun!23
297,Adam,Maldonado,9/7/1978,Employee,2.15,18,true,adammaldonado,Fun!23
298,Maria,Mitchell,1/16/1912,Employee,4.72,4,false,mariamitchell,Fun!23
299,Stephen,Villegas,8/7/1918,Employee,13.48,11,false,stephenvillegas,Fun!23
300,Ryan,Mcconnell,1/7/1981,Employee,10.70,10,false,ryanmcconnell,Fun!23
301,Theresa,Macias,10/9/1932,Employee,18.37,6,true,theresamacias,Fun!23
302,Lance,Dominguez,4/7/1918,Employee,12.24,10,false,lancedominguez,Fun!23
303,Bradley,Rodriguez,2/18/1904,Employee,12.99,9,true,bradleyrodriguez,Fun!23
304,Gloria,Page,12/8/1903,Employee,0.47,3,true,gloriapage,Fun!23
305,Jasmine,Ramirez,1/20/1902,Employee,8.73,14,false,jasmineramirez,Fun!23
306,David,Mills,10/1/1933,Employee,13.71,15,false,davidmills,Fun!23
307,Elizabeth,Kim,4/11/1913,Employee,39.35,8,true,elizabethkim,Fun!23
308,Laura,Smith,11/11/1989,Employee,1.70,8,false,laurasmith,Fun!23
309,Amy,Bradley,5/1/1956,Employee,40.17,5,true,amybradley,Fun!23
310,Denise,Morales,8/31/1908,Employee,32.21,4,true,denisemorales,Fun!23
311,Marissa,Oconnell,11/25/1961,Employee,0.34,8,false,marissaoconnell,Fun!23
312,Gregory,Maxwell,6/27/1916,Employee,4.83,7,true,gregorymaxwell,Fun!23
313,Jenny,Henry,10/2/1974,Employee,24.44,6,true,jennyhenry,Fun!23
314,Matthew,Campbell,6/25/1934,Employee,6.67,4,false,matthewcampbell,Fun!23
315,Lisa,Gaines,11/20/1908,Employee,37.79,11,true,lisagaines,Fun!23
316,Jonathan,Christian,10/23/1966,Employee,7.49,8,true,jonathanchristian,Fun!23
317,Brenda,Douglas,10/7/1969,Employee,1.85,4,false,brendadouglas,Fun!23
318,Rachel,Phillips,10/13/1919,Employee,29.28,4,true,rachelphillips,Fun!23
319,Jade,Crawford,12/10/1967,Employee,0.61,10,false,jadecrawford,Fun!23
320,Brian,Jacobson,6/5/1957,Employee,24.71,11,true,brianjacobson,Fun!23
321,Francisco,Moore,7/28/1945,Employee,21.59,8,false,franciscomoore,Fun!23
322,Kathleen,Small,12/14/1917,Employee,11.16,5,false,kathleensmall,Fun!23
323,Lindsay,Webster,4/26/1957,Employee,29.07,7,false,lindsaywebster,Fun!23
324,Michelle,Ortiz,8/1/1912,Employee,1.52,15,false,michelleortiz,Fun!23
325,Cheryl,Wilson,11/14/1959,Employee,24.81,10,true,cherylwilson,Fun!23
326,Melissa,Rivera,1/3/1998,Employee,27.95,11,false,melissarivera,Fun!23
327,Bryan,Hardy,9/1/1936,Employee,42.41,9,false,bryanhardy,Fun!23
328,Jason,Wolfe,9/19/1911,Employee,53.39,18,true,jasonwolfe,Fun!23
329,Stacey,Paul,6/29/1908,Employee,8.68,4,true,staceypaul,Fun!23
330,Crystal,Johnson,11/13/1941,Employee,37.87,10,false,crystaljohnson,Fun!23
331,Jordan,Wilson,1/30/1929,Employee,7.18,6,true,jordanwilson,Fun!23
332,Amanda,Shepherd,12/7/1960,Employee,21.24,10,false,amandashepherd,Fun!23
333,Alexander,Cameron,7/21/1951,Employee,2.93,14,true,alexandercameron,Fun!23
334,Kevin,Scott,2/27/1986,Employee,4.01,8,false,kevinscott,Fun!23
335,Kyle,Taylor,10/31/1982,Employee,1.95,11,true,kyletaylor,Fun!23
336,Kimberly,Garcia,6/30/1956,Employee,10.30,10,false,kimberlygarcia,Fun!23
337,Chelsea,Porter,4/4/1936,Employee,10.38,17,false,chelseaporter,Fun!23
338,Emma,Armstrong,10/5/1923,Employee,6.04,14,false,emmaarmstrong,Fun!23
339,Courtney,Johnson,7/21/1949,Employee,41.98,10,true,courtneyjohnson,Fun!23
340,Ronald,Kent,12/20/1939,Employee,0.68,10,true,ronaldkent,Fun!23
341,Ricky,Thompson,1/17/1977,Employee,7.64,8,false,rickythompson,Fun!23
342,Denise,Williams,7/21/1933,Employee,44.04,10,false,denisewilliams,Fun!23
343,Jeffrey,Sloan,5/28/1945,Employee,20.27,9,true,jeffreysloan,Fun!23
344,Brian,Hayes,6/5/1959,Employee,3.94,8,false,brianhayes,Fun!23
345,Patricia,Glenn,7/14/1900,Employee,11.91,14,false,patriciaglenn,Fun!23
346,Caroline,Torres,12/27/1926,Employee,23.62,7,true,carolinetorres,Fun!23
347,Benjamin,Johnson,4/11/1907,Employee,10.06,11,true,benjaminjohnson,Fun!23
348,Christina,Wheeler,3/15/1977,Employee,13.95,16,true,christinawheeler,Fun!23
349,Valerie,Moore,1/28/1993,Employee,2.97,6,false,valeriemoore,Fun!23
350,Deborah,Hunt,1/9/1935,Employee,31.29,5,false,deborahhunt,Fun!23
351,Sarah,Mosley,6/21/1938,Employee,2.27,4,false,sarahmosley,Fun!23
352,Donald,Haynes,9/9/1930,Employee,27.38,6,false,donaldhaynes,Fun!23
353,Lisa,Brown,5/23/1917,Employee,8.53,13,true,lisabrown,Fun!23
354,Kenneth,Smith,5/28/1916,Employee,32.41,7,false,kennethsmith,Fun!23
355,Heidi,Barker,8/14/1991,Employee,34.75,12,true,heidibarker,Fun!23
356,William,Wolf,3/10/1920,Employee,11.75,11,true,williamwolf,Fun!23
357,Elizabeth,Cordova,8/21/1921,Employee,19.86,10,false,elizabethcordova,Fun!23
358,Christopher,Jones,7/20/1923,Employee,25.59,4,true,christopherjones,Fun!23
359,Robert,Wilson,12/8/1979,Employee,20.98,20,false,robertwilson,Fun!23
360,Amber,Brown,4/5/1980,Employee,18.41,8,false,amberbrown,Fun!23
361,Antonio,Brooks,1/15/1909,Employee,14.71,20,false,antoniobrooks,Fun!23
362,Dakota,Bender,10/18/2000,Employee,51.65,3,true,dakotabender,Fun!23
363,Kevin,Swanson,7/6/1974,Employee,16.69,7,false,kevinswanson,Fun!23
364,Christopher,Dominguez,6/2/1993,Employee,42.97,6,false,christopherdominguez,Fun!23
365,Peggy,Murphy,2/1/1907,Employee,46.28,2,false,peggymurphy,Fun!23
366,Edward,Johnson,9/14/1908,Employee,21.28,4,false,edwardjohnson,Fun!23
367,Misty,Horton,8/4/1913,Employee,1.44,6,true,mistyhorton,Fun!23
368,Christopher,Foster,11/17/1960,Employee,48.11,3,false,christopherfoster,Fun!23
369,Carrie,Bennett,6/24/1962,Employee,24.50,16,false,carriebennett,Fun!23
370,Natasha,Wheeler,3/19/1928,Employee,26.25,6,false,natashawheeler,Fun!23
371,Angel,Joseph,10/17/1950,Employee,40.85,19,false,angeljoseph,Fun!23
372,Daniel,Foster,11/16/1921,Employee,10.53,4,true,danielfoster,Fun!23
373,Rhonda,Kane,11/19/1906,Employee,23.29,7,false,rhondakane,Fun!23
374,Jeffrey,Gonzalez,4/16/1918,Employee,11.81,7,false,jeffreygonzalez,Fun!23
375,Jeremiah,Williamson,7/30/1967,Employee,2.14,11,false,jeremiahwilliamson,Fun!23
376,Dean,Smith,1/24/1948,Employee,5.81,10,false,deansmith,Fun!23
377,Lisa,Stafford,9/2/1925,Employee,41.20,18,true,lisastafford,Fun!23
378,Travis,Ruiz,3/22/1964,Employee,38.77,7,false,travisruiz,Fun!23
379,Mary,Stevens,7/15/1982,Employee,29.52,12,true,marystevens,Fun!23
380,Shane,Arnold,6/1/1936,Employee,4.68,14,true,shanearnold,Fun!23
381,Teresa,Jacobs,8/8/1945,Employee,20.52,10,true,teresajacobs,Fun!23
382,Joshua,Meadows,10/7/1921,Employee,32.75,7,false,joshuameadows,Fun!23
383,Thomas,Elliott,2/25/1921,Employee,17.10,8,false,thomaselliott,Fun!23
384,Elizabeth,Alvarez,4/11/1945,Employee,20.11,14,false,elizabethalvarez,Fun!23
385,Alicia,Jenkins,8/20/1920,Employee,24.42,6,false,aliciajenkins,Fun!23
386,Jacob,Williams,5/12/1903,Employee,48.80,8,true,jacobwilliams,Fun!23
387,Michele,Cummings,11/29/1993,Employee,15.45,10,false,michelecummings,Fun!23
388,Craig,Oconnell,3/17/1929,Employee,18.50,12,true,craigoconnell,Fun!23
389,Joseph,Brooks,7/25/1984,Employee,22.04,11,true,josephbrooks,Fun!23
390,Anthony,Hardin,8/24/1959,Employee,10.15,11,true,anthonyhardin,Fun!23
391,Norman,Freeman,9/24/1989,Employee,33.76,10,true,normanfreeman,Fun!23
392,Devin,Diaz,9/18/1929,Employee,32.96,4,false,devindiaz,Fun!23
393,Donna,Travis,11/1/1929,Employee,0.42,7,false,donnatravis,Fun!23
394,Tanya,Kent,11/15/1953,Employee,35.05,17,false,tanyakent,Fun!23
395,Keith,Ellis,3/21/1957,Employee,5.13,21,true,keithellis,Fun!23
396,Anthony,Sims,3/15/1900,Employee,18.32,12,true,anthonysims,Fun!23
397,Krystal,Thompson,12/28/1976,Employee,28.69,12,false,krystalthompson,Fun!23
398,Benjamin,Ramirez,2/22/1929,Employee,31.53,13,true,benjaminramirez,Fun!23
399,Scott,Rose,6/18/1933,Employee,33.38,6,false,scottrose,Fun!23
400,Jessica,Fernandez,6/10/1962,Employee,27.93,9,true,jessicafernandez,Fun!23
401,Michael,Castillo,9/24/1981,Employee,37.94,7,true,michaelcastillo,Fun!23
402,Ruben,Edwards,5/28/1909,Employee,15.80,15,false,rubenedwards,Fun!23
403,Ashley,Wilcox,5/29/1967,Employee,43.24,14,true,ashleywilcox,Fun!23
404,Allison,Cross,11/13/1922,Employee,0.34,5,true,allisoncross,Fun!23
405,Anita,Stein,8/4/1972,Employee,16.15,14,true,anitastein,Fun!23
406,Sean,Hull,9/13/1938,Employee,4.03,7,true,seanhull,Fun!23
407,Ricardo,Rodriguez,11/4/1997,Employee,21.12,11,true,ricardorodriguez,Fun!23
408,David,Soto,3/16/1931,Employee,16.27,9,false,davidsoto,Fun!23
409,Kayla,Mahoney,5/29/1903,Employee,23.32,8,false,kaylamahoney,Fun!23
410,Ray,Huynh,7/11/1926,Employee,17.68,10,true,rayhuynh,Fun!23
411,Terri,Mendez,6/26/1979,Employee,17.71,11,false,terrimendez,Fun!23
412,Rachel,Roberson,9/22/1933,Employee,7.69,9,true,rachelroberson,Fun!23
413,Zachary,Tran,8/24/1904,Employee,40.19,9,false,zacharytran,Fun!23
414,John,White,2/25/1977,Employee,5.55,9,true,johnwhite,Fun!23
415,Philip,Collins,7/20/1995,Employee,8.21,7,false,philipcollins,Fun!23
416,Hunter,Moore,1/2/1904,Employee,5.74,6,true,huntermoore,Fun!23
417,Nicole,Johnson,9/3/1946,Employee,10.95,10,true,nicolejohnson,Fun!23
418,Adam,Bass,11/17/1908,Employee,19.49,9,false,adambass,Fun!23
419,Lisa,Spencer,7/27/1923,Employee,9.00,12,false,lisaspencer,Fun!23
420,Justin,Martinez,4/12/1974,Employee,34.77,10,true,justinmartinez,Fun!23
421,Anthony,Hunter,6/2/1997,Employee,0.11,9,true,anthonyhunter,Fun!23
422,Doris,Moore,7/10/1941,Employee,39.68,6,true,dorismoore,Fun!23
423,Elizabeth,Cruz,8/13/1977,Employee,1.53,15,true,elizabethcruz,Fun!23
424,Randy,Keller,9/10/1942,Employee,9.90,7,true,randykeller,Fun!23
425,Brandon,Neal,3/5/1951,Employee,31.62,10,true,brandonneal,Fun!23
426,Mark,Lamb,7/27/1947,Employee,15.99,13,true,marklamb,Fun!23
427,Tiffany,May,3/3/1920,Employee,6.10,13,false,tiffanymay,Fun!23
428,Krista,Blake,2/28/1987,Employee,49.15,6,true,kristablake,Fun!23
429,John,Morris,3/8/1920,Employee,2.45,6,true,johnmorris,Fun!23
430,Jill,Solis,4/27/1920,Employee,33.12,6,true,jillsolis,Fun!23
431,Emma,Padilla,6/23/1930,Employee,28.01,5,true,emmapadilla,Fun!23
432,Becky,Gray,5/6/1911,Employee,0.19,11,false,beckygray,Fun!23
433,Rita,Owens,6/14/1921,Employee,42.65,7,false,ritaowens,Fun!23
434,Kristina,Patrick,7/2/1957,Employee,5.55,14,false,kristinapatrick,Fun!23
435,Raymond,Woodward,4/2/1989,Employee,44.08,9,false,raymondwoodward,Fun!23
436,Rebecca,Brown,6/12/1983,Employee,4.21,10,true,rebeccabrown,Fun!23
437,Samantha,Thomas,5/11/1933,Employee,5.52,8,false,samanthathomas,Fun!23
438,Patrick,Larsen,7/19/1922,Employee,61.62,10,false,patricklarsen,Fun!23
439,Emily,Brady,3/18/1957,Employee,7.49,10,false,emilybrady,Fun!23
440,April,Turner,11/1/1975,Employee,12.69,21,false,aprilturner,Fun!23
441,Steven,Cabrera,12/27/1959,Employee,26.88,13,false,stevencabrera,Fun!23
442,Michael,Murray,8/10/1934,Employee,37.45,7,false,michaelmurray,Fun!23
443,Gregory,Carr,7/3/1900,Employee,59.54,8,true,gregorycarr,Fun!23
444,David,Davila,8/26/1999,Employee,5.43,6,true,daviddavila,Fun!23
445,Brandon,Smith,3/12/1948,Employee,14.98,4,false,brandonsmith,Fun!23
446,Ryan,Wilkins,10/25/1942,Employee,0.45,13,false,ryanwilkins,Fun!23
447,Jon,Lopez,11/6/1936,Employee,9.27,9,false,jonlopez,Fun!23
448,Jennifer,Copeland,3/20/1940,Employee,40.57,12,false,jennifercopeland,Fun!23
449,Alexis,Shea,7/19/1934,Employee,17.49,14,true,alexisshea,Fun!23
450,Gerald,Baker,4/12/1970,Employee,44.43,8,false,geraldbaker,Fun!23
451,Tara,Rodriguez,6/7/1971,Employee,36.90,10,false,tararodriguez,Fun!23
452,Jerry,Hampton,10/3/1998,Employee,12.43,11,false,jerryhampton,Fun!23
453,Ray,Booth,2/27/1947,Employee,39.98,10,true,raybooth,Fun!23
454,Michelle,Sexton,1/11/1943,Employee,6.00,11,true,michellesexton,Fun!23
455,Kayla,Morgan,2/2/1915,Employee,3.29,8,false,kaylamorgan,Fun!23
456,Deborah,Scott,7/5/1974,Employee,7.29,11,true,deborahscott,Fun!23
457,Trevor,Young,11/17/1975,Employee,9.93,7,true,trevoryoung,Fun!23
458,Philip,Chaney,9/22/1967,Employee,29.68,8,true,philipchaney,Fun!23
459,Linda,Alexander,6/23/1993,Employee,12.85,7,false,lindaalexander,Fun!23
460,Jason,Skinner,5/16/1903,Employee,2.71,7,true,jasonskinner,Fun!23
461,Anthony,Dalton,3/20/1965,Employee,32.76,9,false,anthonydalton,Fun!23
462,Kevin,Larson,2/4/1963,Employee,16.04,4,false,kevinlarson,Fun!23
463,Alexandra,Fox,6/28/1970,Employee,20.52,7,true,alexandrafox,Fun!23
464,Gary,Miller,11/16/1986,Employee,0.58,7,false,garymiller,Fun!23
465,Crystal,Rice,1/30/1974,Employee,59.52,14,false,crystalrice,Fun!23
466,George,Wood,4/2/1934,Employee,56.50,17,false,georgewood,Fun!23
467,Christopher,Raymond,9/13/2000,Employee,25.72,5,false,christopherraymond,Fun!23
468,Wendy,Stanton,5/16/1980,Employee,13.75,14,false,wendystanton,Fun!23
469,Theresa,Hardy,5/14/1992,Employee,0.65,7,false,theresahardy,Fun!23
470,Barbara,Jones,3/22/1980,Employee,4.96,11,false,barbarajones,Fun!23
471,Alyssa,Reese,6/9/1924,Employee,10.04,14,false,alyssareese,Fun!23
472,Eric,Ramos,10/24/1980,Employee,38.09,7,false,ericramos,Fun!23
473,Brian,Lopez,8/31/1961,Employee,4.79,9,false,brianlopez,Fun!23
474,Angela,Mcintyre,5/22/1990,Employee,16.59,13,true,angelamcintyre,Fun!23
475,Doris,Mercado,7/23/1949,Employee,26.37,7,true,dorismercado,Fun!23
476,Terri,Strickland,11/19/1943,Employee,55.35,13,true,terristrickland,Fun!23
477,Amy,Rodriguez,3/13/1960,Employee,34.12,4,false,amyrodriguez,Fun!23
478,Thomas,Bonilla,5/30/1904,Employee,21.30,9,true,thomasbonilla,Fun!23
479,Wesley,Lambert,1/5/1941,Employee,58.11,17,true,wesleylambert,Fun!23
480,Kelly,Bell,7/14/1973,Employee,11.04,10,true,kellybell,Fun!23
481,Michelle,Wood,11/16/1902,Employee,12.90,7,true,michellewood,Fun!23
482,Derek,Irwin,11/11/1962,Employee,41.60,10,false,derekirwin,Fun!23
483,Brandi,Gordon,8/29/1904,Employee,45.80,5,false,brandigordon,Fun!23
484,Julian,Gutierrez,2/23/1961,Employee,43.30,11,false,juliangutierrez,Fun!23
485,Samantha,Cooper,8/24/1926,Employee,27.56,10,false,samanthacooper,Fun!23
486,Kevin,Gould,12/31/1946,Employee,6.15,9,true,kevingould,Fun!23
487,Michael,Fox,10/18/1929,Employee,13.18,12,false,michaelfox,Fun!23
488,Steven,Owens,9/9/1987,Employee,41.34,8,false,stevenowens,Fun!23
489,Amber,Sellers,7/24/1900,Employee,0.54,11,false,ambersellers,Fun!23
490,Jose,Evans,10/18/1996,Employee,45.03,11,true,joseevans,Fun!23
491,Jessica,Anderson,11/15/1967,Employee,17.33,19,true,jessicaanderson,Fun!23
492,Joe,Cochran,9/7/1990,Employee,2.50,11,false,joecochran,Fun!23
493,Michael,Robinson,12/2/1985,Employee,3.68,7,true,michaelrobinson,Fun!23
494,Matthew,Porter,9/25/1960,Employee,20.69,8,false,matthewporter,Fun!23
495,Angel,Barber,6/7/1941,Employee,9.88,5,true,angelbarber,Fun!23
496,Darlene,Shaw,2/13/1943,Employee,16.77,10,true,darleneshaw,Fun!23
497,Gabriel,Hansen,5/27/1957,Employee,0.59,13,true,gabrielhansen,Fun!23
498,Brittany,Nielsen,6/4/1933,Employee,53.68,11,false,brittanynielsen,Fun!23
499,Jessica,Frye,2/20/1917,Employee,2.23,9,false,jessicafrye,Fun!23
500,Bruce,Clark,4/8/1972,Employee,32.73,17,true,bruceclark,Fun!23
501,Justin,Davis,10/17/1964,Employee,5.80,13,true,justindavis,Fun!23
502,Louis,Boone,11/30/1929,Employee,35.50,8,true,louisboone,Fun!23
503,Amy,Mcpherson,9/10/1995,Employee,14.88,13,false,amymcpherson,Fun!23
504,Debra,Blackwell,4/11/1971,Employee,33.91,10,false,debrablackwell,Fun!23
505,Angela,Lang,8/21/1929,Employee,26.89,8,true,angelalang,Fun!23
506,Danielle,Dorsey,10/15/1980,Employee,41.77,6,false,danielledorsey,Fun!23
507,Hannah,Maldonado,9/9/1947,Employee,5.64,7,true,hannahmaldonado,Fun!23
508,Michaela,Miranda,11/6/1956,Employee,9.94,6,true,michaelamiranda,Fun!23
509,Tami,Weaver,1/31/1974,Employee,17.65,10,true,tamiweaver,Fun!23
510,Edward,Jackson,4/30/1935,Employee,20.47,5,false,edwardjackson,Fun!23
511,Steven,Hernandez,5/12/1978,Employee,7.75,14,true,stevenhernandez,Fun!23
512,Mary,Chapman,1/2/1988,Employee,37.54,8,true,marychapman,Fun!23
513,Colleen,Torres,1/14/1986,Employee,28.24,5,true,colleentorres,Fun!23
514,Jennifer,Mills,4/6/1993,Employee,23.87,6,true,jennifermills,Fun!23
515,Wendy,Campos,3/26/1927,Employee,9.99,3,false,wendycampos,Fun!23
516,Bobby,Bennett,6/16/1936,Employee,9.33,12,true,bobbybennett,Fun!23
517,Michael,Adams,3/20/1912,Employee,4.69,11,true,michaeladams,Fun!23
518,Jamie,Conner,12/27/1955,Employee,12.01,8,true,jamieconner,Fun!23
519,Christopher,Sanford,3/31/1977,Employee,53.37,5,true,christophersanford,Fun!23
520,Margaret,Smith,11/18/1953,Employee,35.59,9,false,margaretsmith,Fun!23
521,Michael,Morton,10/29/1984,Employee,37.72,7,true,michaelmorton,Fun!23
522,Noah,Horne,7/25/1924,Employee,25.45,9,true,noahhorne,Fun!23
523,Kim,Contreras,1/7/1989,Employee,21.13,5,false,kimcontreras,Fun!23
524,Tiffany,Davis,3/18/1960,Employee,16.75,12,false,tiffanydavis,Fun!23
525,Victoria,Moses,2/29/1996,Employee,8.02,10,true,victoriamoses,Fun!23
526,Robin,Watson,8/10/1970,Employee,43.72,13,false,robinwatson,Fun!23
527,Christopher,Melendez,1/11/1940,Employee,20.50,8,true,christophermelendez,Fun!23
528,Nancy,Robles,7/30/1994,Employee,33.07,13,true,nancyrobles,Fun!23
529,Kaylee,Hale,6/29/1987,Employee,16.86,9,false,kayleehale,Fun!23
530,Ryan,Brown,9/15/1982,Employee,18.47,14,true,ryanbrown,Fun!23
531,Grace,Kelley,4/1/1971,Employee,11.37,8,true,gracekelley,Fun!23
532,Alexander,Carter,2/9/1933,Employee,47.00,8,false,alexandercarter,Fun!23
533,Dennis,Reynolds,1/31/1940,Employee,14.32,10,false,dennisreynolds,Fun!23
534,Jenna,Chase,1/10/1950,Employee,1.38,10,true,jennachase,Fun!23
535,Michelle,Pruitt,8/13/1904,Employee,16.55,3,false,michellepruitt,Fun!23
536,Sherri,Velasquez,5/19/1902,Employee,15.52,9,false,sherrivelasquez,Fun!23
537,Darlene,Russell,2/15/1995,Employee,35.48,13,true,darlenerussell,Fun!23
538,Jessica,Olsen,2/19/1955,Employee,47.76,13,true,jessicaolsen,Fun!23
539,Lisa,Robinson,10/1/1905,Employee,5.98,12,true,lisarobinson,Fun!23
540,Michael,Martinez,8/21/1941,Employee,3.34,11,true,michaelmartinez,Fun!23
541,Richard,Edwards,12/28/1995,Employee,24.11,6,true,richardedwards,Fun!23
542,Amy,Chase,10/10/1954,Employee,8.43,5,true,amychase,Fun!23
543,Amanda,Vang,11/25/1951,Employee,0.78,15,false,amandavang,Fun!23
544,Angela,Walker,10/23/1947,Employee,7.77,8,true,angelawalker,Fun!23
545,Kylie,Summers,7/7/1926,Employee,5.92,6,true,kyliesummers,Fun!23
546,Brandy,Valenzuela,8/6/1906,Employee,7.78,14,true,brandyvalenzuela,Fun!23
547,Courtney,Tran,8/10/1944,Employee,0.04,4,false,courtneytran,Fun!23
548,Ryan,Bowman,12/15/1993,Employee,2.70,4,true,ryanbowman,Fun!23
549,Kathleen,Hines,2/23/1958,Employee,11.66,12,true,kathleenhines,Fun!23
550,Ryan,Sullivan,4/14/1946,Employee,44.70,11,false,ryansullivan,Fun!23
551,Kimberly,Johnson,2/15/1947,Employee,30.02,11,true,kimberlyjohnson,Fun!23
552,Kelly,Harris,5/25/1970,Employee,10.85,9,false,kellyharris,Fun!23
553,William,Evans,9/4/1964,Employee,5.73,12,true,williamevans,Fun!23
554,Dakota,Harper,11/24/1943,Employee,3.09,8,true,dakotaharper,Fun!23
555,Martha,Perry,11/8/1934,Employee,35.40,4,true,marthaperry,Fun!23
556,Brittany,Weaver,10/27/1949,Employee,13.89,6,false,brittanyweaver,Fun!23
557,Rodney,Berg,10/26/1953,Employee,0.32,8,false,rodneyberg,Fun!23
558,Heidi,Page,6/24/1905,Employee,0.84,10,true,heidipage,Fun!23
559,Bobby,Gonzales,12/30/1901,Employee,35.61,10,true,bobbygonzales,Fun!23
560,Jake,Mitchell,10/16/1911,Employee,5.10,11,false,jakemitchell,Fun!23
561,Gerald,Beltran,1/27/1958,Employee,52.00,8,false,geraldbeltran,Fun!23
562,Joel,Welch,8/4/1977,Employee,44.32,6,false,joelwelch,Fun!23
563,Diana,Matthews,4/12/1996,Employee,41.79,6,true,dianamatthews,Fun!23
564,Christopher,Johnson,8/16/1931,Employee,17.83,9,false,christopherjohnson,Fun!23
565,Ricky,Gardner,7/7/1980,Employee,7.23,12,false,rickygardner,Fun!23
566,Corey,Wilson,2/17/1918,Employee,24.57,16,false,coreywilson,Fun!23
567,Barbara,Lane,8/28/1978,Employee,1.49,10,false,barbaralane,Fun!23
568,Dylan,Lopez,5/12/1946,Employee,20.40,14,true,dylanlopez,Fun!23
569,Martin,Edwards,3/17/1984,Employee,38.62,9,true,martinedwards,Fun!23
570,Misty,Jimenez,2/12/1944,Employee,1.56,14,false,mistyjimenez,Fun!23
571,Chris,Jones,6/20/1986,Employee,45.47,10,true,chrisjones,Fun!23
572,Robert,Leblanc,5/24/1964,Employee,13.12,9,false,robertleblanc,Fun!23
573,Brandon,Dillon,8/25/1977,Employee,42.92,7,false,brandondillon,Fun!23
574,Chad,Clark,9/27/1906,Employee,47.05,7,true,chadclark,Fun!23
575,Danielle,Gardner,5/20/1934,Employee,31.02,13,false,daniellegardner,Fun!23
576,Bradley,Bell,9/30/1992,Employee,30.50,5,true,bradleybell,Fun!23
577,Christopher,Craig,10/4/1960,Employee,1.35,7,false,christophercraig,Fun!23
578,Jamie,Hernandez,9/6/1903,Employee,19.73,6,true,jamiehernandez,Fun!23
579,David,Costa,5/29/1989,Employee,17.52,14,true,davidcosta,Fun!23
580,Theresa,Clark,11/11/1987,Employee,32.78,6,true,theresaclark,Fun!23
581,Cassandra,Cook,7/4/1902,Employee,45.82,9,false,cassandracook,Fun!23
582,Dana,Jones,1/16/1929,Employee,9.85,20,true,danajones,Fun!23
583,Phillip,Brown,7/27/1908,Employee,25.57,7,true,phillipbrown,Fun!23
584,Andrew,Torres,12/23/1965,Employee,32.12,10,false,andrewtorres,Fun!23
585,Sheri,Adams,1/2/1940,Employee,5.05,8,true,sheriadams,Fun!23
586,Heather,Little,7/18/1985,Employee,43.86,22,false,heatherlittle,Fun!23
587,James,Morgan,2/22/1948,Employee,9.40,8,true,jamesmorgan,Fun!23
588,Cynthia,Powell,6/2/1932,Employee,40.14,16,true,cynthiapowell,Fun!23
589,Joseph,Macdonald,9/23/1906,Employee,0.01,16,true,josephmacdonald,Fun!23
590,Jeff,Ray,5/1/1905,Employee,1.69,4,true,jeffray,Fun!23
591,Michelle,Ramirez,4/23/1926,Employee,0.89,9,false,michelleramirez,Fun!23
592,Christina,Jones,7/10/1935,Employee,4.86,6,false,christinajones,Fun!23
593,Alyssa,Smith,6/17/1988,Employee,27.00,11,true,alyssasmith,Fun!23
594,Anthony,Brooks,6/27/1916,Employee,6.45,13,false,anthonybrooks,Fun!23
595,Anthony,Barber,8/8/1942,Employee,21.86,6,false,anthonybarber,Fun!23
596,James,Brennan,5/17/1952,Employee,48.37,11,false,jamesbrennan,Fun!23
597,Heather,Robbins,5/30/1910,Employee,32.84,10,true,heatherrobbins,Fun!23
598,Sarah,Anderson,10/10/1949,Employee,32.15,10,true,sarahanderson,Fun!23
599,Darin,Baker,10/1/1906,Employee,42.06,8,false,darinbaker,Fun!23
600,Jennifer,Smith,5/12/1966,Employee,17.56,9,false,jennifersmith,Fun!23
601,David,Harvey,9/6/1908,Employee,2.10,7,false,davidharvey,Fun!23
602,Shannon,White,10/21/1931,Employee,6.07,23,true,shannonwhite,Fun!23
603,Brian,Gates,10/13/1996,Employee,52.95,5,true,briangates,Fun!23
604,Victor,Ross,2/14/1906,Employee,39.99,9,false,victorross,Fun!23
605,Antonio,Edwards,2/5/1993,Employee,32.42,4,false,antonioedwards,Fun!23
606,Lawrence,Price,9/20/1979,Employee,1.41,10,true,lawrenceprice,Fun!23
607,Sarah,Cline,2/13/2000,Employee,26.39,7,false,sarahcline,Fun!23
608,Linda,Robles,10/12/1978,Employee,18.58,11,true,lindarobles,Fun!23
609,Amber,Nguyen,12/28/1964,Employee,32.64,8,true,ambernguyen,Fun!23
610,Rick,Parrish,4/9/1902,Employee,13.75,11,true,rickparrish,Fun!23
611,Edward,Molina,3/12/1908,Employee,57.14,14,false,edwardmolina,Fun!23
612,Darren,Gibbs,4/23/1928,Employee,2.86,11,false,darrengibbs,Fun!23
613,Andrew,Mcclure,1/16/1974,Employee,23.29,10,false,andrewmcclure,Fun!23
614,Michael,King,7/17/1918,Employee,15.58,6,true,michaelking,Fun!23
615,Vanessa,Watson,4/25/1929,Employee,4.31,10,true,vanessawatson,Fun!23
616,Jerry,Smith,8/13/1987,Employee,30.40,11,true,jerrysmith,Fun!23
617,Andrew,Marshall,11/14/1922,Employee,22.76,4,true,andrewmarshall,Fun!23
618,Janet,Hughes,2/12/1912,Employee,4.43,18,true,janethughes,Fun!23
619,Tyler,Baxter,3/27/1927,Employee,8.07,13,false,tylerbaxter,Fun!23
620,Amber,Long,3/6/1964,Employee,23.17,10,false,amberlong,Fun!23
621,Jared,Perry,12/2/1917,Employee,43.59,16,true,jaredperry,Fun!23
622,Natalie,Richardson,2/26/1989,Employee,7.48,11,true,natalierichardson,Fun!23
623,Erika,Lopez,3/8/1992,Employee,18.45,13,false,erikalopez,Fun!23
624,Michelle,Walsh,11/28/1977,Employee,8.66,13,true,michellewalsh,Fun!23
625,Anthony,Carson,9/1/1908,Employee,24.32,20,true,anthonycarson,Fun!23
626,Heather,Cunningham,2/25/1989,Employee,15.07,13,false,heathercunningham,Fun!23
627,Ronald,Bond,5/26/1980,Employee,35.70,6,true,ronaldbond,Fun!23
628,Sherri,Armstrong,1/9/1999,Employee,12.86,5,true,sherriarmstrong,Fun!23
629,Jacob,Contreras,7/10/1976,Employee,20.88,6,false,jacobcontreras,Fun!23
630,Colleen,Sanchez,2/13/1981,Employee,1.68,16,false,colleensanchez,Fun!23
631,Derek,Lopez,3/2/1932,Employee,3.56,7,false,dereklopez,Fun!23
632,Kayla,Smith,4/16/1969,Employee,10.47,7,false,kaylasmith,Fun!23
633,Christopher,Osborne,9/20/1934,Employee,58.17,7,true,christopherosborne,Fun!23
634,Mercedes,Nichols,10/6/1955,Employee,23.98,14,true,mercedesnichols,Fun!23
635,Beth,Sharp,7/11/1996,Employee,14.04,9,false,bethsharp,Fun!23
636,Scott,Bailey,8/26/1974,Employee,8.24,6,true,scottbailey,Fun!23
637,Crystal,Young,11/8/1993,Employee,18.54,8,true,crystalyoung,Fun!23
638,Allen,Arnold,4/1/1924,Employee,37.14,8,true,allenarnold,Fun!23
639,Donald,Tran,1/4/1944,Employee,15.43,7,false,donaldtran,Fun!23
640,Christopher,Fields,7/21/1967,Employee,35.79,8,false,christopherfields,Fun!23
641,Luis,Johnson,7/15/1909,Employee,10.51,8,false,luisjohnson,Fun!23
642,Krista,Lambert,12/15/1912,Employee,34.73,6,true,kristalambert,Fun!23
643,Nicholas,Copeland,8/9/1942,Employee,4.56,10,true,nicholascopeland,Fun!23
644,Mark,Rogers,1/26/1963,Employee,21.04,9,true,markrogers,Fun!23
645,Jessica,Ramirez,4/24/1903,Employee,44.16,6,true,jessicaramirez,Fun!23
646,Matthew,Gonzalez,2/21/1987,Employee,25.81,12,false,matthewgonzalez,Fun!23
647,Rose,Burgess,9/21/1909,Employee,5.16,5,true,roseburgess,Fun!23
648,Holly,Schneider,3/16/1910,Employee,6.51,9,false,hollyschneider,Fun!23
649,Joanna,Knight,7/30/2000,Employee,40.90,14,true,joannaknight,Fun!23
650,David,Cox,3/11/1979,Employee,5.14,10,false,davidcox,Fun!23
651,Elizabeth,Reyes,9/3/1943,Employee,21.71,14,true,elizabethreyes,Fun!23
652,Melissa,Mcdonald,3/29/1969,Employee,25.67,12,true,melissamcdonald,Fun!23
653,James,Anderson,8/20/1934,Employee,45.50,12,true,jamesanderson,Fun!23
654,Loretta,Phillips,9/9/1936,Employee,34.77,11,false,lorettaphillips,Fun!23
655,Gina,Swanson,3/20/1964,Employee,0.02,8,true,ginaswanson,Fun!23
656,Kimberly,Martinez,8/11/1994,Employee,26.13,5,true,kimberlymartinez,Fun!23
657,Stephanie,Kirby,8/9/1930,Employee,5.88,4,false,stephaniekirby,Fun!23
658,Teresa,Gardner,6/4/1933,Employee,3.56,16,false,teresagardner,Fun!23
659,Brandon,Flores,1/10/1979,Employee,6.31,10,true,brandonflores,Fun!23
660,Anthony,Moore,5/9/1956,Employee,55.09,11,false,anthonymoore,Fun!23
661,Steven,Hartman,1/21/1984,Employee,7.32,6,false,stevenhartman,Fun!23
662,Derek,Macias,7/23/1940,Employee,2.70,7,true,derekmacias,Fun!23
663,Christopher,Robinson,5/23/1988,Employee,1.39,11,false,christopherrobinson,Fun!23
664,Scott,Dunn,11/21/1972,Employee,65.55,8,true,scottdunn,Fun!23
665,Lawrence,Henry,5/13/1919,Employee,41.77,13,true,lawrencehenry,Fun!23
666,Gabriel,Sanders,9/16/1906,Employee,54.58,10,true,gabrielsanders,Fun!23
667,Lori,Hall,1/12/1929,Employee,12.84,11,false,lorihall,Fun!23
668,Brittany,Richard,6/20/1986,Employee,45.69,12,false,brittanyrichard,Fun!23
669,Sarah,Jones,4/18/1905,Employee,3.59,8,true,sarahjones,Fun!23
670,Nicholas,Jackson,4/9/1983,Employee,42.06,9,true,nicholasjackson,Fun!23
671,Julia,Jones,8/21/1944,Employee,19.17,18,true,juliajones,Fun!23
672,Jennifer,Schultz,10/12/1913,Employee,30.07,7,true,jenniferschultz,Fun!23
673,Ashley,Walker,8/24/1950,Employee,11.64,5,false,ashleywalker,Fun!23
674,Michael,Parrish,5/18/1922,Employee,31.90,6,false,michaelparrish,Fun!23
675,Alyssa,Poole,2/24/1903,Employee,45.16,15,false,alyssapoole,Fun!23
676,William,Ortiz,10/10/2000,Employee,11.21,7,false,williamortiz,Fun!23
677,Jason,Clark,3/25/1928,Employee,0.79,8,false,jasonclark,Fun!23
678,Jason,Lee,10/15/1952,Employee,30.28,12,false,jasonlee,Fun!23
679,Lisa,Miller,11/3/1997,Employee,54.67,10,true,lisamiller,Fun!23
680,Tyrone,Johnston,5/19/1959,Employee,35.01,10,false,tyronejohnston,Fun!23
681,Linda,Rodriguez,10/13/1982,Employee,30.07,6,true,lindarodriguez,Fun!23
682,Kenneth,Davis,9/20/1937,Employee,49.54,9,true,kennethdavis,Fun!23
683,Sarah,Griffin,1/21/1979,Employee,35.95,8,false,sarahgriffin,Fun!23
684,Rebecca,Nguyen,11/13/1923,Employee,8.04,6,false,rebeccanguyen,Fun!23
685,Anna,Davis,9/18/1976,Employee,29.56,9,true,annadavis,Fun!23
686,Cynthia,Giles,9/4/1967,Employee,0.34,10,false,cynthiagiles,Fun!23
687,Mary,Gonzalez,3/13/1949,Employee,34.76,14,true,marygonzalez,Fun!23
688,Ann,Miller,3/14/1972,Employee,30.85,11,true,annmiller,Fun!23
689,Jose,Farley,2/5/1990,Employee,4.99,11,false,josefarley,Fun!23
690,Carl,Foley,11/4/1978,Employee,13.83,7,true,carlfoley,Fun!23
691,Christine,Ellis,10/14/1979,Employee,56.97,6,true,christineellis,Fun!23
692,John,Blevins,9/5/1981,Employee,35.27,7,true,johnblevins,Fun!23
693,Travis,Burton,7/6/1935,Employee,42.44,13,false,travisburton,Fun!23
694,Timothy,Bernard,1/4/1923,Employee,0.55,14,false,timothybernard,Fun!23
695,Christina,Dodson,12/1/1928,Employee,14.50,10,false,christinadodson,Fun!23
696,Andrew,Atkins,3/5/1929,Employee,9.50,10,false,andrewatkins,Fun!23
697,Jeffrey,Best,1/9/1991,Employee,4.82,15,true,jeffreybest,Fun!23
698,Perry,Hill,3/23/1982,Employee,31.58,10,true,perryhill,Fun!23
699,Mary,Lee,5/11/1950,Employee,4.21,5,false,marylee,Fun!23
700,Julia,Young,8/14/1981,Employee,2.92,9,false,juliayoung,Fun!23
701,John,Blair,2/25/1941,Employee,32.12,4,true,johnblair,Fun!23
702,John,Hill,8/16/1971,Employee,28.35,9,false,johnhill,Fun!23
703,Wesley,Williamson,1/2/1962,Employee,41.68,14,false,wesleywilliamson,Fun!23
704,Christopher,Davis,11/5/1975,Employee,4.17,8,true,christopherdavis,Fun!23
705,Leonard,King,12/30/1940,Employee,2.90,10,false,leonardking,Fun!23
706,Gary,Smith,8/14/1985,Employee,54.39,10,false,garysmith,Fun!23
707,Thomas,Sanders,7/30/1901,Employee,7.85,9,true,thomassanders,Fun!23
708,John,Davis,2/18/1998,Employee,5.66,10,true,johndavis,Fun!23
709,Thomas,Hall,11/17/1954,Employee,38.43,8,true,thomashall,Fun!23
710,Douglas,Hernandez,1/24/1980,Employee,49.45,10,true,douglashernandez,Fun!23
711,Miranda,Mason,2/22/1901,Employee,34.30,12,true,mirandamason,Fun!23
712,Teresa,Stewart,8/26/1974,Employee,38.22,14,false,teresastewart,Fun!23
713,Anthony,Adams,3/26/1910,Employee,10.86,13,false,anthonyadams,Fun!23
714,Timothy,Jones,8/19/1923,Employee,13.77,5,true,timothyjones,Fun!23
715,Jermaine,Dean,11/8/1908,Employee,36.23,6,true,jermainedean,Fun!23
716,Joshua,Banks,5/28/1902,Employee,1.36,10,true,joshuabanks,Fun!23
717,Daniel,Smith,5/7/1983,Employee,43.39,15,false,danielsmith,Fun!23
718,Victor,Harris,6/30/1989,Employee,7.49,8,false,victorharris,Fun!23
719,Phillip,Meyer,5/31/1998,Employee,49.63,10,true,phillipmeyer,Fun!23
720,Cody,Robles,1/5/1910,Employee,19.24,12,true,codyrobles,Fun!23
721,Carmen,Hays,4/10/1976,Employee,36.12,14,false,carmenhays,Fun!23
722,Jorge,Haley,6/25/1929,Employee,14.51,10,true,jorgehaley,Fun!23
723,Sean,Hernandez,4/14/1918,Employee,46.03,4,true,seanhernandez,Fun!23
724,Kelly,Jordan,5/28/1904,Employee,20.77,16,true,kellyjordan,Fun!23
725,Joshua,Hickman,5/16/1929,Employee,27.63,9,false,joshuahickman,Fun!23
726,Jennifer,Guzman,11/27/1924,Employee,4.29,8,true,jenniferguzman,Fun!23
727,Nathan,Thompson,9/21/1922,Employee,6.07,8,false,nathanthompson,Fun!23
728,William,Adkins,5/4/1989,Employee,16.58,6,false,williamadkins,Fun!23
729,Willie,Hobbs,8/25/1925,Employee,8.21,15,true,williehobbs,Fun!23
730,Holly,Cruz,11/13/1955,Employee,36.19,8,false,hollycruz,Fun!23
731,John,Jones,6/3/1957,Employee,45.58,6,false,johnjones,Fun!23
732,Allison,Weaver,2/21/1948,Employee,0.08,12,false,allisonweaver,Fun!23
733,Michael,Nunez,7/26/1906,Employee,2.66,8,false,michaelnunez,Fun!23
734,Douglas,Bryant,5/8/1996,Employee,18.81,7,false,douglasbryant,Fun!23
735,Christopher,Underwood,1/26/1931,Employee,6.11,8,true,christopherunderwood,Fun!23
736,Kimberly,Roberts,5/3/1960,Employee,9.63,9,true,kimberlyroberts,Fun!23
737,Michael,Cowan,12/18/1928,Employee,3.29,10,false,michaelcowan,Fun!23
738,Michael,Mccormick,5/30/1937,Employee,0.98,4,true,michaelmccormick,Fun!23
739,Jennifer,Bailey,1/18/1944,Employee,11.22,5,true,jenniferbailey,Fun!23
740,Jerry,Gamble,6/26/1904,Employee,2.96,11,true,jerrygamble,Fun!23
741,Henry,Salazar,4/21/1937,Employee,43.68,12,true,henrysalazar,Fun!23
742,Kevin,Boone,2/18/1969,Employee,2.06,8,false,kevinboone,Fun!23
743,Rodney,Mcneil,11/9/1999,Employee,30.30,10,false,rodneymcneil,Fun!23
744,Angela,Carney,9/18/1972,Employee,30.57,10,true,angelacarney,Fun!23
745,Dennis,Smith,10/23/1988,Employee,0.93,14,false,dennissmith,Fun!23
746,Jared,Scott,6/6/1987,Employee,6.20,6,true,jaredscott,Fun!23
747,Monica,Craig,6/20/1903,Employee,52.65,9,false,monicacraig,Fun!23
748,Sandy,Blackwell,4/14/1965,Employee,21.93,7,true,sandyblackwell,Fun!23
749,Brittney,Daniel,1/13/1904,Employee,9.54,13,true,brittneydaniel,Fun!23
750,Rebecca,Fisher,1/2/1986,Employee,66.90,8,true,rebeccafisher,Fun!23
751,Nicole,Hart,11/26/1999,Employee,3.02,13,true,nicolehart,Fun!23
752,Howard,Davenport,5/1/1928,Employee,2.15,12,true,howarddavenport,Fun!23
753,Anita,Fletcher,2/11/1941,Employee,15.23,8,true,anitafletcher,Fun!23
754,Elizabeth,Torres,6/22/1989,Employee,1.64,11,false,elizabethtorres,Fun!23
755,Jeffrey,Rodriguez,4/20/1967,Employee,34.99,14,false,jeffreyrodriguez,Fun!23
756,Megan,Smith,2/17/1989,Employee,20.96,8,true,megansmith,Fun!23
757,David,Summers,10/16/1991,Employee,26.51,6,true,davidsummers,Fun!23
758,Brian,Rojas,3/27/1938,Employee,32.80,10,true,brianrojas,Fun!23
759,Jennifer,Carr,11/21/1922,Employee,44.75,6,true,jennifercarr,Fun!23
760,Tiffany,Jones,12/26/1955,Employee,21.40,11,false,tiffanyjones,Fun!23
761,Catherine,Mann,9/15/1920,Employee,1.44,12,false,catherinemann,Fun!23
762,Sara,Fox,1/1/1990,Employee,31.56,10,false,sarafox,Fun!23
763,Jeremy,Foster,3/13/1994,Employee,4.77,8,true,jeremyfoster,Fun!23
764,Michael,Flores,4/27/1904,Employee,4.91,12,true,michaelflores,Fun!23
765,William,Rice,12/28/1993,Employee,12.98,16,true,williamrice,Fun!23
766,Rachel,Hart,10/1/1928,Employee,10.52,6,false,rachelhart,Fun!23
767,Richard,Sullivan,11/30/1948,Employee,32.51,14,false,richardsullivan,Fun!23
768,Jennifer,Evans,2/4/1993,Employee,22.05,5,false,jenniferevans,Fun!23
769,Brandy,Wilkerson,5/8/1973,Employee,23.09,9,false,brandywilkerson,Fun!23
770,Laurie,Mendoza,6/28/1985,Employee,19.34,13,true,lauriemendoza,Fun!23
771,Michelle,Ray,6/9/1991,Employee,26.58,9,true,michelleray,Fun!23
772,Alexis,Black,4/16/1900,Employee,18.18,8,true,alexisblack,Fun!23
773,Sean,Smith,11/20/1973,Employee,40.64,5,true,seansmith,Fun!23
774,Elizabeth,Dominguez,3/22/1903,Employee,27.83,5,true,elizabethdominguez,Fun!23
775,Lori,Johnson,8/10/1932,Employee,0.33,8,true,lorijohnson,Fun!23
776,Bryan,Fields,9/17/1917,Employee,4.71,13,true,bryanfields,Fun!23
777,Michael,Thomas,8/6/1990,Employee,41.53,10,false,michaelthomas,Fun!23
778,Craig,Brown,7/15/1933,Employee,51.07,10,false,craigbrown,Fun!23
779,Sabrina,Nguyen,6/23/1959,Employee,1.04,8,false,sabrinanguyen,Fun!23
780,Hayden,Mcdaniel,10/22/1904,Employee,7.14,10,false,haydenmcdaniel,Fun!23
781,Michelle,Rivera,3/25/1919,Employee,29.36,7,true,michellerivera,Fun!23
782,Alexandra,Simpson,1/5/1960,Employee,23.90,16,false,alexandrasimpson,Fun!23
783,Richard,Paul,6/27/1944,Employee,17.92,8,false,richardpaul,Fun!23
784,Keith,Christensen,12/25/1967,Employee,17.44,3,false,keithchristensen,Fun!23
785,Patrick,Bennett,1/13/1936,Employee,0.68,13,true,patrickbennett,Fun!23
786,Patricia,Mcdonald,10/5/1979,Employee,12.60,10,false,patriciamcdonald,Fun!23
787,Tracy,Fitzgerald,2/15/1936,Employee,12.96,14,true,tracyfitzgerald,Fun!23
788,Kathy,Smith,12/2/1986,Employee,11.92,11,false,kathysmith,Fun!23
789,Teresa,Taylor,1/24/1972,Employee,8.71,7,false,teresataylor,Fun!23
790,Hector,Whitney,9/23/1925,Employee,23.11,13,false,hectorwhitney,Fun!23
791,Timothy,Johnson,1/10/1975,Employee,2.17,15,false,timothyjohnson,Fun!23
792,Alyssa,Kelly,9/19/1913,Employee,8.53,7,false,alyssakelly,Fun!23
793,Colleen,Hall,8/4/1969,Employee,29.99,7,false,colleenhall,Fun!23
794,Erin,Jones,12/13/1982,Employee,16.98,13,false,erinjones,Fun!23
795,Mark,Stewart,4/10/1968,Employee,16.32,8,false,markstewart,Fun!23
796,Debra,Raymond,1/20/1994,Employee,22.35,16,true,debraraymond,Fun!23
797,Erin,Mejia,7/21/1952,Employee,20.00,7,false,erinmejia,Fun!23
798,Micheal,Sanders,6/7/1920,Employee,15.54,13,false,michealsanders,Fun!23
799,Stephanie,Obrien,7/1/1900,Employee,13.68,9,false,stephanieobrien,Fun!23
800,Holly,Davidson,7/20/1906,Employee,24.18,9,false,hollydavidson,Fun!23
801,George,Ayala,4/6/1934,Employee,12.37,9,false,georgeayala,Fun!23
802,Michelle,Oliver,6/7/1953,Employee,5.68,14,false,michelleoliver,Fun!23
803,George,Proctor,7/22/1907,Employee,0.26,15,true,georgeproctor,Fun!23
804,Michelle,Griffin,4/18/1917,Employee,7.79,6,false,michellegriffin,Fun!23
805,Michelle,Maynard,4/22/1959,Employee,4.78,7,false,michellemaynard,Fun!23
806,Elizabeth,Castillo,3/30/1981,Employee,8.54,8,false,elizabethcastillo,Fun!23
807,Jonathan,Martinez,6/1/1901,Employee,1.67,9,false,jonathanmartinez,Fun!23
808,Tanya,Johnson,2/28/1951,Employee,5.85,5,true,tanyajohnson,Fun!23
809,Megan,Thompson,5/18/1960,Employee,2.66,12,false,meganthompson,Fun!23
810,Emily,Estes,3/20/1944,Employee,5.71,11,true,emilyestes,Fun!23
811,Melissa,Johnson,5/8/1962,Employee,10.39,17,true,melissajohnson,Fun!23
812,Casey,Navarro,12/14/1935,Employee,33.03,9,true,caseynavarro,Fun!23
813,Shawn,Lee,1/19/1903,Employee,15.83,9,true,shawnlee,Fun!23
814,Brandi,Daniel,9/26/1973,Employee,18.42,3,true,brandidaniel,Fun!23
815,Jose,Smith,4/2/1901,Employee,38.87,10,false,josesmith,Fun!23
816,Alicia,Moran,4/12/1928,Employee,2.51,13,true,aliciamoran,Fun!23
817,Jennifer,Jones,1/6/1993,Employee,32.40,14,false,jenniferjones,Fun!23
818,Andrew,Norris,8/27/1968,Employee,0.93,10,false,andrewnorris,Fun!23
819,Maria,Young,6/2/1925,Employee,9.01,5,false,mariayoung,Fun!23
820,Ann,Rogers,3/1/1964,Employee,52.48,9,true,annrogers,Fun!23
821,Felicia,Carlson,1/18/1906,Employee,26.45,21,false,feliciacarlson,Fun!23
822,Chad,Green,10/26/1954,Employee,8.86,12,false,chadgreen,Fun!23
823,Tanya,Turner,6/6/1979,Employee,11.30,7,true,tanyaturner,Fun!23
824,Joseph,Fritz,2/9/1953,Employee,50.37,7,false,josephfritz,Fun!23
825,James,Simpson,6/13/1953,Employee,22.23,12,false,jamessimpson,Fun!23
826,Ernest,Bentley,3/29/1930,Employee,0.67,10,true,ernestbentley,Fun!23
827,Crystal,Hayes,5/2/1940,Employee,1.16,17,false,crystalhayes,Fun!23
828,Jessica,Lloyd,7/28/1920,Employee,21.00,12,true,jessicalloyd,Fun!23
829,Julie,Shaw,1/1/1967,Employee,19.75,12,false,julieshaw,Fun!23
830,Mark,Thompson,6/15/1971,Employee,34.01,8,false,markthompson,Fun!23
831,Michael,Prince,8/23/1972,Employee,2.45,8,true,michaelprince,Fun!23
832,Craig,Fleming,10/3/1941,Employee,19.76,13,false,craigfleming,Fun!23
833,Michael,Williamson,1/29/1916,Employee,7.96,11,true,michaelwilliamson,Fun!23
834,Sarah,Stanton,7/7/2000,Employee,55.86,6,true,sarahstanton,Fun!23
835,Marcia,Snyder,7/18/1942,Employee,4.71,17,false,marciasnyder,Fun!23
836,Gary,Park,2/8/1946,Employee,37.74,9,false,garypark,Fun!23
837,Cynthia,Ellis,3/19/1900,Employee,51.49,9,true,cynthiaellis,Fun!23
838,Victoria,White,8/23/1986,Employee,46.40,13,false,victoriawhite,Fun!23
839,Juan,Brock,5/17/1977,Employee,33.51,10,false,juanbrock,Fun!23
840,Sandra,Newton,11/15/1978,Employee,13.59,15,true,sandranewton,Fun!23
841,Victor,Anderson,7/29/1932,Employee,34.03,16,true,victoranderson,Fun!23
842,Dana,Miller,6/17/1991,Employee,39.44,11,true,danamiller,Fun!23
843,Kevin,Tran,3/27/1977,Employee,2.37,13,true,kevintran,Fun!23
844,Linda,Miller,5/17/1989,Employee,8.66,6,false,lindamiller,Fun!23
845,Jacob,Norton,10/20/1912,Employee,10.23,6,true,jacobnorton,Fun!23
846,Joshua,Gomez,3/10/1936,Employee,12.07,9,true,joshuagomez,Fun!23
847,Robin,Wilson,10/11/1974,Employee,10.62,4,false,robinwilson,Fun!23
848,Amy,Parsons,8/15/1946,Employee,40.54,10,true,amyparsons,Fun!23
849,Philip,Holt,12/11/1945,Employee,21.77,15,false,philipholt,Fun!23
850,Alison,Hicks,6/28/1974,Employee,5.45,9,false,alisonhicks,Fun!23
851,Alexander,Wilson,10/12/1992,Employee,48.90,12,true,alexanderwilson,Fun!23
852,Nicole,Lloyd,12/26/1975,Employee,51.36,6,true,nicolelloyd,Fun!23
853,Michael,Clarke,1/14/1932,Employee,1.39,6,true,michaelclarke,Fun!23
854,Nicholas,Smith,3/28/1993,Employee,38.53,13,false,nicholassmith,Fun!23
855,Laurie,Johnson,6/10/1959,Employee,15.03,12,false,lauriejohnson,Fun!23
856,George,Gilbert,1/20/1998,Employee,47.72,4,true,georgegilbert,Fun!23
857,Kristine,Smith,1/22/1937,Employee,18.44,10,false,kristinesmith,Fun!23
858,Kevin,Harrison,4/1/1923,Employee,47.64,10,true,kevinharrison,Fun!23
859,Karl,Davis,3/18/1989,Employee,0.07,7,true,karldavis,Fun!23
860,Lisa,Peters,12/7/1965,Employee,4.56,8,true,lisapeters,Fun!23
861,Paul,Harmon,10/17/1906,Employee,3.11,5,true,paulharmon,Fun!23
862,Brandon,Miller,4/28/1905,Employee,0.24,10,true,brandonmiller,Fun!23
863,Mark,Gonzalez,7/17/1908,Employee,24.26,16,false,markgonzalez,Fun!23
864,Christopher,Lucero,7/23/1944,Employee,8.75,7,true,christopherlucero,Fun!23
865,Sherry,Mora,2/15/1903,Employee,37.49,14,false,sherrymora,Fun!23
866,Jody,Sanchez,6/20/1956,Employee,45.26,9,true,jodysanchez,Fun!23
867,Christian,Ellis,9/4/1963,Employee,11.22,10,false,christianellis,Fun!23
868,Sandra,Sutton,4/2/1910,Employee,16.74,8,false,sandrasutton,Fun!23
869,Kenneth,House,9/3/1986,Employee,45.54,4,false,kennethhouse,Fun!23
870,Wendy,Montoya,3/17/1993,Employee,7.03,9,false,wendymontoya,Fun!23
871,Bryan,Wise,2/13/1932,Employee,11.19,11,true,bryanwise,Fun!23
872,Joseph,Robinson,12/2/1908,Employee,3.73,8,false,josephrobinson,Fun!23
873,Mindy,Ross,12/25/1974,Employee,17.14,8,true,mindyross,Fun!23
874,Sonia,Durham,5/23/1946,Employee,44.54,5,false,soniadurham,Fun!23
875,John,House,11/3/1919,Employee,33.56,10,true,johnhouse,Fun!23
876,Carolyn,Dunn,4/10/1996,Employee,16.24,10,true,carolyndunn,Fun!23
877,Curtis,Phillips,4/3/1973,Employee,43.42,12,false,curtisphillips,Fun!23
878,Kenneth,Boyd,8/13/1971,Employee,47.59,7,false,kennethboyd,Fun!23
879,Jennifer,Davidson,3/26/1914,Employee,4.56,9,false,jenniferdavidson,Fun!23
880,Brett,Higgins,7/9/1970,Employee,2.54,5,true,bretthiggins,Fun!23
881,Brett,Wallace,5/4/1912,Employee,18.97,5,false,brettwallace,Fun!23
882,Tyrone,Alvarado,5/12/1985,Employee,23.67,6,true,tyronealvarado,Fun!23
883,Christina,Villanueva,7/28/1970,Employee,22.30,6,false,christinavillanueva,Fun!23
884,Mark,Washington,2/27/1906,Employee,56.87,4,true,markwashington,Fun!23
885,Emily,Cole,12/27/1929,Employee,24.83,15,true,emilycole,Fun!23
886,Kelly,Herring,4/27/1950,Employee,31.45,5,false,kellyherring,Fun!23
887,Joseph,Davis,5/29/1916,Employee,25.55,4,true,josephdavis,Fun!23
888,Stephanie,Williams,8/18/1924,Employee,5.87,8,false,stephaniewilliams,Fun!23
889,Jorge,Huerta,8/27/1945,Employee,41.59,5,true,jorgehuerta,Fun!23
890,Jesse,Dunn,7/31/1923,Employee,4.92,17,true,jessedunn,Fun!23
891,Lauren,Coleman,8/5/1973,Employee,32.10,6,false,laurencoleman,Fun!23
892,Jack,Morgan,12/6/1969,Employee,31.78,12,true,jackmorgan,Fun!23
893,Matthew,Mason,12/16/1907,Employee,17.10,7,false,matthewmason,Fun!23
894,Olivia,Richardson,8/23/1999,Employee,53.52,6,false,oliviarichardson,Fun!23
895,Justin,Hawkins,5/17/1940,Employee,9.90,10,false,justinhawkins,Fun!23
896,Amy,Morse,2/18/1960,Employee,20.56,11,false,amymorse,Fun!23
897,Barbara,Love,11/16/1924,Employee,19.80,8,false,barbaralove,Fun!23
898,David,Clark,4/17/1912,Employee,33.81,12,true,davidclark,Fun!23
899,Danielle,Chavez,3/20/1985,Employee,20.94,6,false,daniellechavez,Fun!23
900,Andre,Ramos,7/21/1909,Employee,0.48,8,false,andreramos,Fun!23
901,Emily,Chang,10/8/1944,Employee,38.17,8,true,emilychang,Fun!23
902,Penny,Mcdaniel,3/19/1975,Employee,1.47,10,true,pennymcdaniel,Fun!23
903,Christina,Carter,7/27/1989,Employee,3.36,21,false,christinacarter,Fun!23
904,Jennifer,Huang,11/6/1963,Employee,10.16,10,true,jenniferhuang,Fun!23
905,Melissa,Evans,7/3/1955,Employee,49.99,13,false,melissaevans,Fun!23
906,Rodney,Moss,11/17/1967,Employee,14.42,4,true,rodneymoss,Fun!23
907,Anthony,Kramer,9/24/1968,Employee,17.87,13,true,anthonykramer,Fun!23
908,Carlos,Irwin,2/20/1919,Employee,3.55,18,true,carlosirwin,Fun!23
909,Victoria,Ellis,4/5/1985,Employee,41.04,12,true,victoriaellis,Fun!23
910,Kelly,Wilson,9/2/1960,Employee,45.06,5,true,kellywilson,Fun!23
911,Brendan,Phillips,5/29/1994,Employee,31.21,15,true,brendanphillips,Fun!23
912,Deanna,Cummings,3/5/1956,Employee,43.45,11,true,deannacummings,Fun!23
913,Christopher,Ortega,12/8/1969,Employee,20.94,13,false,christopherortega,Fun!23
914,Amanda,Johnson,6/13/1907,Employee,22.41,7,true,amandajohnson,Fun!23
915,April,Lopez,7/28/1962,Employee,38.84,12,false,aprillopez,Fun!23
916,James,Watson,4/12/1960,Employee,10.27,9,true,jameswatson,Fun!23
917,Kara,Summers,11/24/1995,Employee,49.04,9,true,karasummers,Fun!23
918,Lisa,Jackson,7/1/1911,Employee,40.23,5,true,lisajackson,Fun!23
919,Steven,Miller,8/11/1972,Employee,6.73,13,false,stevenmiller,Fun!23
920,Donald,Villanueva,7/18/1906,Employee,27.12,19,false,donaldvillanueva,Fun!23
921,Gary,Mckenzie,3/6/1928,Employee,1.26,8,false,garymckenzie,Fun!23
922,Gregory,Short,4/5/1968,Employee,38.26,19,true,gregoryshort,Fun!23
923,Dana,Park,8/30/1990,Employee,36.80,4,true,danapark,Fun!23
924,Matthew,Khan,12/30/1917,Employee,51.44,9,false,matthewkhan,Fun!23
925,Erica,Burch,1/9/1960,Employee,27.78,13,false,ericaburch,Fun!23
926,Dalton,Bryant,5/5/1905,Employee,0.90,14,true,daltonbryant,Fun!23
927,Ruth,Ponce,12/20/1992,Employee,3.74,5,false,ruthponce,Fun!23
928,Mary,Grant,8/20/1910,Employee,23.84,16,false,marygrant,Fun!23
929,Sarah,Taylor,3/27/1989,Employee,26.05,10,false,sarahtaylor,Fun!23
930,Jennifer,Schneider,12/23/1935,Employee,6.76,6,false,jenniferschneider,Fun!23
931,Tyler,Evans,2/25/1929,Employee,25.51,6,false,tylerevans,Fun!23
932,David,Hayes,5/31/1965,Employee,3.57,13,true,davidhayes,Fun!23
933,Kimberly,Miller,4/20/1962,Employee,2.94,9,false,kimberlymiller,Fun!23
934,Dennis,Cooper,7/11/1904,Employee,60.53,12,false,denniscooper,Fun!23
935,Phillip,Richardson,2/21/1974,Employee,12.41,5,false,philliprichardson,Fun!23
936,Sharon,Gillespie,8/4/1907,Employee,10.55,15,true,sharongillespie,Fun!23
937,Denise,Johnson,3/9/1986,Employee,21.05,17,true,denisejohnson,Fun!23
938,Kylie,King,2/23/1936,Employee,8.12,9,true,kylieking,Fun!23
939,Carol,Elliott,12/12/1910,Employee,6.96,9,true,carolelliott,Fun!23
940,Elizabeth,Rodriguez,8/23/1928,Employee,9.56,11,false,elizabethrodriguez,Fun!23
941,Ana,Andrade,2/7/1948,Employee,4.13,10,true,anaandrade,Fun!23
942,Sharon,Castillo,11/22/1906,Employee,42.89,6,true,sharoncastillo,Fun!23
943,Paul,Herman,7/4/1914,Employee,4.56,7,false,paulherman,Fun!23
944,Amber,Conley,8/31/1954,Employee,2.47,10,false,amberconley,Fun!23
945,Suzanne,Kennedy,10/8/1946,Employee,32.98,7,false,suzannekennedy,Fun!23
946,Brett,Mathis,3/2/1901,Employee,18.00,8,false,brettmathis,Fun!23
947,Ashley,Frye,3/7/1934,Employee,21.19,12,false,ashleyfrye,Fun!23
948,Ronald,Martinez,10/30/1931,Employee,21.76,5,true,ronaldmartinez,Fun!23
949,Daniel,Summers,7/10/1907,Employee,6.89,7,false,danielsummers,Fun!23
950,Robert,Wang,9/24/1914,Employee,49.42,5,false,robertwang,Fun!23
951,Katherine,Mcdonald,1/17/1961,Employee,32.57,7,true,katherinemcdonald,Fun!23
952,Mitchell,Gross,1/6/1975,Employee,5.55,4,true,mitchellgross,Fun!23
953,Darrell,Jones,8/31/1924,Employee,1.86,8,true,darrelljones,Fun!23
954,Jennifer,Hernandez,11/3/1969,Employee,53.35,4,false,jenniferhernandez,Fun!23
955,Amy,Hall,9/19/1989,Employee,12.01,7,true,amyhall,Fun!23
956,Ryan,Washington,1/15/1969,Employee,24.77,10,false,ryanwashington,Fun!23
957,Robert,Flores,11/16/1976,Employee,40.09,5,true,robertflores,Fun!23
958,Becky,Simpson,9/6/1986,Employee,34.98,9,true,beckysimpson,Fun!23
959,Alexandra,Cook,1/12/1966,Employee,0.81,13,true,alexandracook,Fun!23
960,Miranda,Walker,7/12/1919,Employee,31.80,9,false,mirandawalker,Fun!23
961,Ashley,Morales,3/23/1984,Employee,7.99,11,false,ashleymorales,Fun!23
962,Vincent,Harrison,8/27/1901,Employee,12.46,15,false,vincentharrison,Fun!23
963,Christopher,Berry,5/27/1958,Employee,14.37,13,true,christopherberry,Fun!23
964,Roger,Casey,9/28/1938,Employee,25.18,15,false,rogercasey,Fun!23
965,James,Simmons,3/18/2000,Employee,9.66,9,false,jamessimmons,Fun!23
966,Mary,Anderson,6/16/1924,Employee,12.78,18,false,maryanderson,Fun!23
967,Andrea,Riley,2/5/1952,Employee,15.59,3,false,andreariley,Fun!23
968,Krista,Beck,1/12/1953,Employee,31.38,10,false,kristabeck,Fun!23
969,Amy,Fuller,4/17/1901,Employee,34.52,7,true,amyfuller,Fun!23
970,Jeremy,Rocha,6/9/1952,Employee,32.04,13,false,jeremyrocha,Fun!23
971,Tammy,Waters,4/12/1967,Employee,17.67,7,false,tammywaters,Fun!23
972,Douglas,Mckay,11/19/1975,Employee,18.02,5,false,douglasmckay,Fun!23
973,Terrence,Dixon,9/18/1968,Employee,34.78,10,false,terrencedixon,Fun!23
974,John,Hansen,2/28/1984,Employee,29.20,13,true,johnhansen,Fun!23
975,Jerry,Rodriguez,8/28/1966,Employee,10.51,4,false,jerryrodriguez,Fun!23
976,Donald,Ramirez,2/25/1955,Employee,50.16,7,false,donaldramirez,Fun!23
977,Stephanie,Perry,10/18/1956,Employee,50.47,11,true,stephanieperry,Fun!23
978,Samuel,Burton,12/3/1964,Employee,26.88,9,false,samuelburton,Fun!23
979,Anthony,Byrd,12/27/1986,Employee,3.40,9,true,anthonybyrd,Fun!23
980,Marissa,Henry,8/18/1945,Employee,34.50,13,true,marissahenry,Fun!23
981,Mariah,Black,4/15/1972,Employee,10.10,7,false,mariahblack,Fun!23
982,Sara,West,12/10/1942,Employee,22.93,10,false,sarawest,Fun!23
983,Jennifer,Preston,2/21/1925,Employee,49.78,10,true,jenniferpreston,Fun!23
984,Monica,Sullivan,8/15/1931,Employee,2.47,10,true,monicasullivan,Fun!23
985,Luis,Solomon,8/25/1938,Employee,36.83,5,true,luissolomon,Fun!23
986,Michael,Johnson,9/23/1912,Employee,15.77,14,false,michaeljohnson,Fun!23
987,Stacy,Maldonado,8/23/1990,Employee,37.84,6,true,stacymaldonado,Fun!23
988,Carmen,Petersen,6/29/1987,Employee,29.11,5,false,carmenpetersen,Fun!23
989,Zachary,Campbell,2/13/1916,Employee,15.61,6,true,zacharycampbell,Fun!23
990,Timothy,Greene,11/12/1985,Employee,26.36,13,true,timothygreene,Fun!23
991,Emily,Jackson,5/1/1992,Employee,1.77,14,true,emilyjackson,Fun!23
992,Paul,Salas,8/26/1970,Employee,10.43,19,true,paulsalas,Fun!23
993,Danielle,Conrad,8/9/1942,Employee,13.53,10,true,danielleconrad,Fun!23
994,Robert,Kennedy,4/25/1943,Employee,0.78,6,false,robertkennedy,Fun!23
995,Diana,Rivera,11/12/1905,Employee,41.84,13,true,dianarivera,Fun!23
996,Shawn,Santos,3/23/1980,Employee,6.92,13,false,shawnsantos,Fun!23
997,Jamie,Brown,6/19/1964,Employee,38.68,4,true,jamiebrown,Fun!23
998,Elizabeth,Medina,1/24/1973,Employee,13.40,5,false,elizabethmedina,Fun!23
999,Kimberly,Mejia,5/8/1922,Employee,10.14,22,false,kimberlymejia,Fun!23
1000,Lori,Livingston,2/20/1926,Employee,15.58,7,false,lorilivingston,Fun!23
1001,Ryan,Peterson,11/30/1909,Employee,0.04,11,true,ryanpeterson,Fun!23
1002,Andrew,Hall,8/1/1954,Employee,48.75,14,false,andrewhall,Fun!23
1003,David,Johnson,1/8/1955,Employee,51.17,8,true,davidjohnson,Fun!23
1004,Joseph,Hanna,10/6/1992,Employee,6.44,7,true,josephhanna,Fun!23
1005,Tammy,Thomas,11/9/1973,Employee,22.72,15,true,tammythomas,Fun!23
1006,Elizabeth,Jackson,8/24/1938,Employee,34.41,11,false,elizabethjackson,Fun!23
1007,Melissa,Holt,4/23/1958,Employee,42.54,3,false,melissaholt,Fun!23
1008,Laura,Williams,5/1/1938,Employee,27.01,13,false,laurawilliams,Fun!23
1009,Courtney,Olsen,5/3/1992,Employee,42.91,7,false,courtneyolsen,Fun!23
1010,Beth,Moss,11/15/1902,Employee,29.05,5,false,bethmoss,Fun!23
1011,Charles,Chambers,4/22/1958,Employee,16.80,9,true,charleschambers,Fun!23
1012,Mikayla,Dennis,6/10/1948,Employee,14.40,16,false,mikayladennis,Fun!23
1013,Carlos,Lynch,4/3/1997,Employee,14.54,18,true,carloslynch,Fun!23
1014,Austin,Lewis,10/13/1996,Employee,0.89,7,true,austinlewis,Fun!23
1015,Patricia,Hughes,4/23/1949,Employee,47.57,5,true,patriciahughes,Fun!23
1016,John,Sanders,8/14/1960,Employee,13.74,11,false,johnsanders,Fun!23
1017,Kim,Craig,11/29/1937,Employee,41.97,9,true,kimcraig,Fun!23
1018,James,Mitchell,3/23/1959,Employee,2.60,8,true,jamesmitchell,Fun!23
1019,Thomas,Stevenson,8/18/1955,Employee,12.07,4,true,thomasstevenson,Fun!23
1020,Tonya,Elliott,9/30/1942,Employee,9.04,9,true,tonyaelliott,Fun!23
1021,Mark,Butler,8/23/1906,Employee,22.61,16,true,markbutler,Fun!23
1022,Bryan,Massey,11/6/1941,Employee,56.97,8,true,bryanmassey,Fun!23
1023,Lisa,Yu,3/31/1961,Employee,12.86,15,true,lisayu,Fun!23
1024,Kristen,Martinez,11/20/1978,Employee,32.15,2,false,kristenmartinez,Fun!23
1025,Maria,Kelly,10/27/1951,Employee,26.49,13,true,mariakelly,Fun!23
1026,Timothy,Wagner,10/4/1928,Employee,24.42,6,false,timothywagner,Fun!23
1027,Erin,Barton,8/3/1908,Employee,1.08,7,true,erinbarton,Fun!23
1028,Stephen,Peters,10/7/1984,Employee,3.39,6,false,stephenpeters,Fun!23
1029,Jessica,Smith,1/1/1931,Employee,1.99,5,true,jessicasmith,Fun!23
1030,Vanessa,Carson,7/18/1952,Employee,1.91,9,false,vanessacarson,Fun!23
1031,Wendy,Phillips,9/17/1917,Employee,7.50,4,false,wendyphillips,Fun!23
1032,Kimberly,Harris,2/21/1979,Employee,0.63,5,true,kimberlyharris,Fun!23
1033,Angela,English,1/27/1984,Employee,26.06,6,false,angelaenglish,Fun!23
1034,Taylor,Johnson,7/3/1917,Employee,10.87,16,true,taylorjohnson,Fun!23
1035,Brooke,Maxwell,8/10/1939,Employee,21.55,6,true,brookemaxwell,Fun!23
1036,Shelly,Jones,7/7/1951,Employee,30.18,11,true,shellyjones,Fun!23
1037,Cory,Byrd,6/25/1914,Employee,2.38,14,true,corybyrd,Fun!23
1038,Amanda,Baker,12/9/1967,Employee,8.75,7,true,amandabaker,Fun!23
1039,Kendra,Sawyer,5/31/1968,Employee,22.51,5,false,kendrasawyer,Fun!23
